-492  1508  -1273
-497  1509  -1268
-493  1510  -1258
-492  1511  -1265
-494  1504  -1258
-506  1509  -1258
-507  1508  -1257
-504  1506  -1254
-508  1499  -1263
-505  1493  -1262
-506  1506  -1259
-502  1498  -1266
-505  1485  -1268
-503  1473  -1270
-510  1474  -1264
-503  1465  -1265
-514  1470  -1274
-514  1442  -1276
-514  1438  -1274
-521  1438  -1274
-518  1428  -1278
-518  1423  -1286
-523  1409  -1290
-525  1409  -1282
-526  1399  -1284
-528  1390  -1291
-534  1385  -1281
-534  1383  -1279
-521  1383  -1279
-530  1365  -1292
-521  1359  -1300
-523  1340  -1294
-518  1331  -1289
-526  1311  -1288
-529  1290  -1277
-529  1276  -1288
-530  1261  -1288
-537  1246  -1283
-531  1233  -1289
-536  1221  -1283
-538  1227  -1267
-531  1216  -1260
-535  1215  -1268
-533  1197  -1258
-533  1197  -1240
-532  1189  -1240
-528  1183  -1235
-524  1177  -1224
-533  1164  -1216
-532  1169  -1214
-525  1155  -1208
-525  1148  -1206
-527  1137  -1217
-527  1137  -1198
-517  1133  -1198
-527  1134  -1203
-528  1125  -1207
-532  1133  -1202
-529  1128  -1204
-524  1129  -1189
-521  1125  -1187
-526  1127  -1203
-525  1123  -1194
-523  1116  -1189
-528  1120  -1187
-522  1120  -1187
-523  1120  -1181
-523  1123  -1184
-518  1123  -1184
-518  1122  -1183
-516  1125  -1177
-523  1129  -1204
-517  1140  -1215
-528  1150  -1228
-524  1167  -1235
-527  1172  -1241
-527  1183  -1255
-520  1183  -1255
-517  1178  -1247
-519  1193  -1254
-528  1200  -1248
-529  1217  -1248
-538  1219  -1249
-537  1230  -1244
-533  1236  -1257
-533  1249  -1252
-535  1249  -1252
-543  1260  -1255
-550  1268  -1246
-541  1282  -1251
-549  1308  -1244
-552  1331  -1246
-555  1354  -1241
-553  1377  -1251
-553  1377  -1247
-549  1404  -1247
-541  1433  -1242
-531  1465  -1237
-526  1494  -1226
-522  1518  -1202
-514  1544  -1185
-508  1565  -1166
-510  1577  -1135
-510  1577  -1111
-511  1583  -1111
-511  1596  -1087
-517  1618  -1050
-516  1624  -1032
-512  1640  -1001
-512  1653  -972
-515  1666  -932
-510  1689  -899
-510  1689  -872
-508  1703  -872
-503  1711  -822
-502  1721  -793
-505  1724  -758
-510  1734  -718
-506  1739  -681
-506  1742  -654
-508  1745  -626
-511  1748  -591
-517  1748  -558
-510  1753  -528
-517  1759  -493
-521  1756  -441
-521  1758  -407
-520  1758  -407
-524  1761  -365
-518  1759  -315
-525  1760  -268
-524  1764  -226
-527  1762  -195
-532  1749  -150
-535  1748  -98
-535  1730  -59
-542  1722  -35
-546  1717  9
-548  1697  46
-555  1693  70
-556  1678  89
-565  1671  108
-564  1660  113
-564  1655  128
-567  1655  128
-565  1653  137
-564  1647  157
-577  1645  173
-569  1633  176
-570  1624  196
-579  1623  205
-578  1613  216
-578  1611  219
-571  1611  219
-574  1597  231
-573  1596  230
-580  1579  244
-573  1573  255
-576  1565  264
-567  1560  263
-580  1559  275
-580  1561  277
-570  1561  277
-572  1553  275
-567  1565  279
-566  1569  266
-565  1566  273
-570  1568  275
-565  1568  256
-564  1568  257
-564  1579  266
-569  1579  266
-568  1578  254
-559  1575  248
-572  1582  244
-564  1595  218
-568  1600  202
-570  1611  188
-577  1613  149
-577  1628  136
-588  1628  136
-588  1636  105
-594  1640  74
-597  1636  41
-604  1648  -2
-610  1648  -52
-625  1647  -96
-631  1656  -131
-631  1656  -174
-636  1653  -174
-643  1656  -213
-650  1655  -273
-653  1649  -318
-651  1640  -376
-666  1632  -425
-660  1620  -467
-663  1619  -505
-663  1619  -546
-672  1608  -546
-670  1599  -589
-664  1581  -636
-675  1561  -685
-670  1541  -751
-665  1529  -810
-655  1515  -866
-650  1498  -928
-650  1498  -978
-641  1482  -978
-625  1468  -1039
-611  1449  -1080
-607  1424  -1112
-595  1407  -1142
-589  1394  -1175
-590  1376  -1179
-581  1374  -1192
-581  1374  -1212
-572  1360  -1212
-565  1353  -1207
-573  1347  -1230
-562  1347  -1238
-563  1340  -1237
-565  1340  -1248
-554  1344  -1248
-564  1339  -1266
-564  1339  -1286
-554  1339  -1286
-539  1333  -1300
-521  1327  -1318
-528  1334  -1336
-502  1331  -1348
-490  1332  -1356
-490  1333  -1380
-479  1337  -1389
-479  1337  -1395
-473  1336  -1395
-460  1339  -1399
-456  1346  -1401
-457  1350  -1415
-443  1347  -1431
-442  1349  -1425
-434  1341  -1430
-442  1348  -1431
-442  1348  -1440
-437  1356  -1440
-421  1361  -1444
-433  1367  -1436
-433  1365  -1436
-439  1375  -1435
-427  1385  -1434
-432  1385  -1421
-439  1405  -1419
-439  1405  -1408
-443  1417  -1408
-425  1418  -1381
-419  1424  -1370
-428  1447  -1356
-428  1457  -1334
-421  1459  -1326
-434  1474  -1317
-434  1477  -1304
-434  1477  -1300
-426  1489  -1300
-417  1491  -1289
-410  1502  -1271
-402  1503  -1271
-391  1496  -1284
-386  1499  -1276
-393  1495  -1286
-397  1489  -1310
-397  1489  -1323
-391  1480  -1323
-389  1470  -1345
-387  1460  -1355
-379  1453  -1359
-369  1448  -1383
-380  1448  -1399
-383  1441  -1398
-374  1433  -1412
-374  1433  -1422
-371  1433  -1422
-364  1431  -1430
-366  1423  -1430
-363  1416  -1433
-356  1416  -1443
-364  1413  -1453
-360  1408  -1458
-354  1395  -1462
-354  1397  -1464
-357  1397  -1464
-360  1392  -1467
-368  1385  -1457
-364  1401  -1464
-361  1390  -1456
-359  1397  -1454
-360  1404  -1459
-355  1406  -1467
-355  1411  -1459
-356  1411  -1459
-354  1422  -1446
-356  1423  -1457
-353  1434  -1449
-358  1443  -1450
-355  1448  -1434
-350  1456  -1430
-349  1472  -1426
-349  1482  -1421
-338  1482  -1421
-332  1491  -1426
-337  1504  -1409
-328  1509  -1404
-321  1515  -1393
-321  1528  -1382
-318  1524  -1374
-328  1527  -1373
-328  1536  -1362
-338  1528  -1360
-348  1520  -1356
-368  1532  -1368
-378  1529  -1362
-391  1522  -1346
-404  1519  -1341
-428  1510  -1336
-428  1508  -1318
-437  1508  -1318
-450  1512  -1313
-465  1497  -1308
-474  1487  -1300
-483  1490  -1278
-496  1494  -1289
-496  1483  -1278
-503  1476  -1269
-503  1465  -1273
-508  1465  -1273
-511  1461  -1266
-511  1456  -1269
-517  1445  -1271
-520  1436  -1284
-517  1429  -1285
-521  1428  -1292
-520  1418  -1296
-520  1419  -1305
-517  1419  -1305
-510  1405  -1317
-514  1400  -1319
-513  1392  -1319
-515  1383  -1336
-511  1378  -1341
-512  1365  -1343
-508  1359  -1347
-503  1350  -1354
-493  1341  -1369
-486  1342  -1377
-484  1331  -1389
-489  1314  -1394
-473  1317  -1408
-457  1308  -1412
-459  1302  -1420
-459  1298  -1421
-454  1298  -1421
-453  1304  -1411
-454  1307  -1413
-449  1295  -1417
-453  1302  -1418
-453  1300  -1412
-458  1294  -1401
-457  1291  -1400
-457  1293  -1410
-456  1293  -1410
-458  1294  -1403
-465  1290  -1395
-469  1281  -1398
-464  1284  -1388
-467  1292  -1383
-476  1286  -1391
-471  1291  -1379
-477  1298  -1371
-474  1293  -1370
-478  1291  -1369
-476  1289  -1367
-481  1292  -1365
-486  1295  -1360
-492  1307  -1353
-489  1310  -1351
-489  1302  -1342
-495  1302  -1342
-493  1310  -1347
-506  1306  -1338
-502  1320  -1339
-502  1323  -1328
-506  1328  -1335
-510  1334  -1334
-511  1334  -1319
-767  1338  -1326
-515  1338  -1326
-509  1356  -1342
-504  1352  -1341
-498  1356  -1358
-492  1367  -1350
-474  1366  -1366
-471  1374  -1386
-468  1370  -1394
-468  1375  -1409
-454  1375  -1409
-447  1387  -1411
-445  1394  -1420
-433  1397  -1436
-426  1396  -1438
-421  1398  -1448
-405  1404  -1443
-381  1414  -1458
-381  1416  -1461
-378  1416  -1461
-368  1408  -1455
-355  1420  -1449
-350  1419  -1459
-350  1423  -1452
-329  1432  -1462
-324  1427  -1456
-314  1431  -1442
-314  1432  -1460
-297  1432  -1460
-290  1426  -1472
-280  1433  -1469
-271  1426  -1450
-259  1424  -1448
-264  1434  -1438
-250  1437  -1438
-236  1438  -1427
-236  1437  -1417
-217  1437  -1417
-203  1442  -1395
-194  1443  -1377
-186  1443  -1366
-174  1453  -1357
-166  1457  -1329
-162  1462  -1313
-154  1478  -1294
-154  1478  -1278
-148  1484  -1278
-154  1492  -1255
-139  1513  -1233
-142  1518  -1209
-137  1538  -1170
-140  1552  -1131
-138  1567  -1099
-151  1586  -1046
-151  1586  -995
-155  1608  -995
-149  1621  -948
-154  1646  -892
-154  1657  -829
-160  1667  -772
-176  1678  -708
-183  1702  -646
-184  1713  -573
-184  1713  -506
-190  1718  -506
-211  1732  -431
-219  1729  -350
-241  1745  -284
-253  1751  -214
-276  1745  -161
-291  1750  -110
-302  1741  -62
-302  1741  -11
-324  1740  -11
-335  1731  13
-351  1733  49
-360  1731  85
-377  1717  97
-386  1719  129
-389  1708  147
-396  1701  167
-396  1701  187
-400  1688  187
-408  1689  213
-417  1670  223
-431  1651  243
-434  1643  260
-443  1633  267
-452  1619  297
-442  1613  304
-449  1596  302
-458  1590  311
-458  1587  317
-470  1578  327
-458  1581  330
-458  1583  332
-459  1569  334
-449  1565  338
-450  1570  337
-439  1561  341
-443  1550  340
-438  1555  343
-433  1550  351
-435  1549  356
-432  1547  358
-435  1539  349
-435  1539  369
-428  1546  369
-428  1547  357
-419  1544  352
-418  1540  345
-409  1547  351
-401  1540  339
-393  1552  346
-381  1545  339
-381  1545  318
-363  1550  318
-365  1544  316
-353  1544  322
-343  1543  307
-336  1533  315
-333  1529  311
-327  1523  310
-330  1515  314
-330  1515  311
-320  1505  311
-309  1490  307
-321  1482  301
-316  1467  300
-307  1460  307
-297  1459  300
-299  1454  294
-287  1449  306
-275  1447  283
-270  1439  275
-260  1448  257
-244  1444  245
-238  1432  235
-238  1436  219
-220  1426  204
-217  1431  193
-214  1426  201
-213  1410  200
-215  1397  212
-219  1392  204
-218  1377  213
-226  1365  208
-227  1363  205
-219  1358  204
-209  1361  196
-221  1359  182
-206  1355  185
-205  1347  181
-208  1346  176
-208  1343  172
-201  1343  172
-212  1338  175
-216  1335  179
-216  1335  169
-205  1336  169
-210  1342  176
-212  1349  174
-210  1352  174
-207  1358  191
-215  1367  192
-212  1372  195
-218  1379  207
-218  1379  201
-225  1391  201
-218  1404  215
-225  1410  218
-231  1414  224
-227  1420  235
-242  1430  244
-244  1448  252
-247  1454  253
-247  1454  260
-250  1464  260
-254  1474  277
-262  1480  268
-270  1491  277
-281  1498  275
-296  1511  285
-300  1516  292
-304  1536  292
-304  1536  294
-311  1540  294
-319  1546  298
-326  1558  298
-334  1558  304
-337  1561  297
-350  1557  297
-347  1571  301
-354  1565  302
-354  1565  297
-352  1572  297
-361  1569  303
-358  1565  304
-369  1565  313
-367  1549  317
-381  1554  329
-382  1552  333
-383  1543  348
-383  1529  351
-391  1529  351
-394  1523  352
-399  1520  366
-400  1515  361
-399  1505  367
-408  1505  367
-409  1501  372
-419  1506  375
-419  1507  372
-424  1507  372
-423  1488  374
-428  1487  372
-431  1485  367
-438  1490  376
-443  1484  376
-450  1482  377
-448  1477  377
-448  1480  378
-468  1480  378
-472  1484  373
-490  1488  362
-494  1498  365
-506  1500  362
-514  1515  348
-503  1524  355
-513  1540  353
-257  1538  350
-499  1538  350
-497  1535  356
-495  1539  349
-492  1529  348
-474  1518  350
-476  1523  361
-467  1498  378
-459  1486  377
-464  1469  387
-459  1460  379
-464  1455  387
-464  1455  382
-460  1439  382
-462  1440  383
-453  1433  391
-465  1425  385
-469  1427  379
-463  1415  386
-467  1411  390
-471  1404  379
-471  1404  375
-468  1394  375
-474  1382  385
-469  1376  369
-481  1364  365
-472  1345  366
-469  1342  361
-467  1340  353
-466  1331  350
-466  1318  345
-467  1318  345
-464  1309  345
-467  1302  346
-471  1289  334
-467  1288  343
-462  1289  344
-466  1275  325
-469  1269  308
-469  1264  310
-470  1264  310
-470  1261  320
-466  1249  308
-465  1247  296
-472  1252  308
-475  1239  297
-473  1230  282
-478  1236  279
-478  1238  287
-479  1238  287
-480  1230  281
-488  1231  280
-490  1230  275
-492  1230  278
-479  1235  280
-490  1230  271
-485  1229  281
-483  1222  274
-488  1226  280
-482  1229  277
-488  1223  277
-489  1224  276
-486  1226  265
-481  1230  275
-479  1224  276
-481  1229  286
-480  1229  285
-485  1223  287
-485  1223  278
-485  1227  278
-475  1235  282
-484  1224  282
-485  1220  282
-476  1228  279
-476  1220  277
-477  1224  293
-470  1221  285
-470  1221  295
-474  1219  295
-474  1221  291
-480  1225  272
-485  1225  275
-492  1221  283
-495  1226  277
-502  1231  278
-502  1245  273
-502  1245  281
-505  1240  281
-520  1238  268
-508  1242  286
-513  1253  276
-506  1255  276
-497  1245  283
-499  1248  286
-487  1241  274
-487  1241  267
-483  1238  267
-488  1227  268
-479  1228  281
-481  1231  281
-482  1236  276
-470  1240  291
-464  1238  304
-465  1247  309
-465  1247  312
-458  1250  312
-468  1257  318
-461  1259  327
-446  1264  327
-455  1279  343
-450  1287  352
-443  1283  354
-443  1296  350
-443  1296  361
-439  1305  361
-437  1312  371
-436  1332  364
-434  1353  366
-439  1372  384
-430  1387  388
-420  1413  384
-410  1424  379
-410  1424  381
-413  1454  381
-418  1486  355
-406  1513  344
-403  1542  334
-399  1556  318
-390  1576  300
-392  1603  281
-386  1619  268
-386  1626  238
-381  1626  238
-381  1641  237
-373  1633  218
-380  1645  206
-375  1646  184
-374  1657  156
-374  1668  133
-364  1687  105
-364  1684  66
-362  1708  26
-353  1719  -3
-342  1725  -46
-340  1732  -83
-325  1734  -109
-324  1742  -150
-311  1749  -169
-311  1736  -200
-296  1736  -200
-289  1731  -220
-282  1737  -251
-269  1735  -277
-254  1725  -293
-241  1717  -327
-234  1712  -351
-216  1706  -385
-216  1701  -418
-206  1701  -418
-191  1699  -457
-177  1687  -498
-175  1674  -532
-161  1671  -561
-153  1655  -595
-151  1645  -627
-144  1635  -656
-144  1622  -681
-129  1622  -681
-121  1614  -696
-119  1604  -715
-106  1604  -736
-107  1588  -755
-94  1588  -774
-100  1582  -790
-95  1582  -802
-95  1581  -820
-98  1581  -820
-93  1574  -831
-96  1577  -851
-100  1579  -860
-102  1576  -865
-105  1586  -872
-107  1590  -871
-121  1600  -872
-129  1615  -876
-145  1611  -861
-148  1636  -866
-160  1650  -853
-166  1662  -834
-182  1676  -827
-188  1691  -809
-218  1702  -794
-227  1713  -767
-237  1738  -747
-266  1743  -749
-266  1743  -717
-297  1758  -717
-321  1756  -706
-339  1768  -695
-361  1770  -684
-398  1772  -668
-421  1768  -652
-441  1754  -642
-469  1760  -622
-469  1760  -604
-491  1754  -604
-520  1751  -596
-532  1736  -572
-549  1733  -567
-561  1719  -562
-586  1707  -538
-601  1694  -520
-610  1677  -512
-610  1677  -518
-624  1655  -518
-637  1640  -508
-648  1623  -512
-658  1605  -517
-662  1587  -525
-679  1562  -522
-681  1551  -531
-686  1536  -536
-686  1280  -544
-687  1522  -544
-691  1498  -552
-693  1480  -556
-696  1467  -548
-700  1455  -541
-701  1432  -545
-705  1428  -538
-705  1404  -530
-704  1395  -530
-702  1391  -527
-701  1374  -529
-700  1367  -529
-697  1365  -528
-698  1375  -526
-706  1380  -514
-699  1388  -506
-699  1391  -496
-697  1391  -496
-697  1403  -487
-691  1417  -482
-692  1423  -478
-697  1434  -476
-692  1461  -462
-689  1474  -466
-696  1482  -458
-696  1502  -468
-685  1502  -468
-682  1518  -466
-681  1553  -453
-672  1564  -456
-666  1581  -455
-663  1598  -449
-650  1614  -462
-650  1637  -472
-650  1652  -485
-635  1652  -485
-614  1665  -493
-598  1686  -502
-578  1707  -517
-567  1725  -518
-552  1737  -512
-536  1750  -526
-506  1761  -535
-506  1756  -526
-492  1756  -526
-470  1766  -536
-454  1770  -542
-436  1776  -543
-411  1769  -542
-387  1775  -560
-369  1771  -570
-334  1761  -583
-334  1757  -605
-321  1757  -605
-295  1753  -620
-271  1745  -640
-238  1728  -662
-225  1713  -693
-191  1695  -715
-171  1671  -726
-153  1656  -773
-153  1632  -792
-136  1632  -792
-114  1605  -814
-102  1583  -824
-87  1566  -852
-78  1531  -882
-69  1510  -902
-62  1492  -915
-54  1472  -933
-54  1450  -952
-52  1450  -952
-52  1432  -968
-43  1414  -988
-46  1396  -1004
-43  1375  -1028
-47  1363  -1030
-43  1350  -1049
-42  1332  -1052
-42  1311  -1061
-44  1311  -1061
-48  1289  -1070
-52  1278  -1072
-52  1259  -1079
-56  1250  -1076
-56  1241  -1074
-61  1230  -1070
-58  1220  -1072
-58  1220  -1063
-60  1220  -1063
-62  1217  -1058
-65  1220  -1056
-54  1199  -1045
-54  1209  -1035
-51  1207  -1033
-51  1222  -1031
-43  1226  -1028
-43  1226  -1015
-42  1221  -1015
-29  1231  -998
-27  1242  -982
-24  1252  -974
-23  1267  -965
-29  1283  -956
-28  1302  -948
-19  1321  -942
-19  1332  -929
-23  1332  -929
-34  1359  -931
-29  1381  -916
-36  1397  -912
-39  1425  -887
-53  1454  -905
-63  1486  -892
-71  1513  -872
-71  1536  -876
-74  1536  -876
-88  1561  -859
-106  1592  -849
-124  1616  -840
-138  1633  -820
-162  1662  -812
-172  1679  -798
-196  1700  -799
-196  1723  -794
-219  1723  -794
-245  1729  -780
-268  1750  -768
-283  1752  -758
-313  1754  -759
-335  1765  -745
-354  1774  -739
-377  1772  -725
-377  1774  -717
-388  1774  -717
-410  1768  -703
-435  1767  -703
-451  1760  -685
-465  1750  -681
-485  1755  -663
-505  1745  -650
-522  1743  -642
-541  1731  -627
-553  1724  -613
-569  1712  -606
-581  1702  -599
-583  1699  -606
-597  1685  -607
-599  1674  -614
-608  1661  -620
-614  1661  -625
-619  1651  -621
-630  1637  -629
-633  1634  -626
-631  1631  -612
-637  1636  -595
-638  1635  -584
-637  1642  -551
-636  1648  -520
-634  1655  -498
-637  1658  -458
-636  1651  -431
-646  1648  -397
-643  1658  -350
-647  1657  -325
-642  1654  -291
-646  1644  -252
-649  1642  -225
-647  1641  -217
-647  1641  -192
-646  1629  -192
-646  1625  -175
-654  1627  -158
-650  1626  -140
-646  1620  -130
-647  1622  -100
-653  1603  -66
-648  1600  -62
-648  1600  -45
-650  1595  -45
-649  1583  -15
-645  1575  3
-653  1563  -7
-655  1563  14
-656  1549  22
-661  1543  23
-673  1526  34
-673  1526  21
-667  1497  21
-663  1489  1
-674  1478  8
-674  1470  -17
-678  1470  -13
-681  1462  -19
-682  1453  -25
-681  1450  -47
-685  1454  -47
-683  1451  -50
-684  1445  -54
-690  1442  -44
-682  1448  -33
-678  1455  -23
-679  1453  10
-682  1460  9
-682  1460  34
-674  1468  34
-676  1465  57
-662  1468  60
-669  1472  63
-662  1476  55
-665  1472  43
-672  1460  39
-672  1456  46
-672  1456  41
-668  1453  41
-670  1446  35
-672  1442  40
-667  1444  44
-670  1444  52
-667  1440  55
-664  1440  59
-662  1437  65
-662  1437  75
-660  1426  75
-665  1423  67
-662  1420  80
-660  1410  66
-662  1394  62
-671  1386  52
-665  1371  34
-672  1366  29
-672  1366  34
-677  1351  34
-670  1351  18
-669  1333  14
-657  1331  23
-664  1321  14
-665  1322  17
-657  1310  8
-653  1303  4
-653  1303  -252
-656  1294  -6
-658  1290  -17
-662  1284  -25
-655  1266  -33
-652  1268  -39
-648  1259  -41
-651  1250  -35
-643  1247  -49
-643  1236  -49
-637  1228  -55
-632  1219  -71
-634  1206  -83
-639  1196  -96
-642  1185  -98
-629  1183  -120
-640  1186  -133
-640  1186  -152
-639  1180  -152
-635  1184  -171
-632  1171  -194
-633  1166  -210
-636  1161  -225
-622  1156  -227
-622  1147  -241
-615  1132  -244
-602  1124  -247
-598  1120  -248
-594  1098  -241
-583  1085  -231
-572  1072  -222
-559  1066  -226
-543  1054  -220
-529  1047  -224
-520  1027  -231
-503  1014  -240
-494  1006  -238
-482  998  -249
-462  995  -257
-455  987  -260
-437  978  -262
-423  978  -280
-408  974  -295
-395  962  -308
-385  958  -332
-367  954  -345
-351  949  -367
-337  952  -383
-319  945  -391
-306  947  -393
-306  947  -407
-296  953  -407
-294  951  -426
-283  949  -431
-261  949  -434
-260  947  -456
-248  943  -441
-237  947  -439
-234  947  -437
-234  947  -423
-231  957  -423
-218  960  -416
-229  965  -421
-225  958  -401
-221  958  -392
-225  957  -396
-225  957  -394
-237  956  -390
-237  956  -387
-243  959  -387
-243  951  -401
-249  947  -399
-256  944  -398
-278  945  -392
-289  943  -396
-300  932  -392
-316  940  -399
-316  940  -395
-328  930  -395
-354  939  -390
-362  938  -398
-387  949  -390
-423  958  -400
-429  958  -397
-462  972  -410
-478  977  -415
-500  992  -415
-517  1011  -393
-545  1032  -388
-562  1049  -358
-585  1074  -330
-596  1107  -289
-618  1132  -254
-637  1159  -231
-637  1159  -186
-655  1193  -186
-659  1221  -175
-670  1254  -156
-682  1289  -134
-686  1318  -121
-698  1357  -113
-697  1386  -95
-691  1416  -95
-689  1460  -92
-692  1488  -90
-682  1517  -77
-683  1546  -81
-669  1565  -74
-669  1579  -87
-658  1604  -88
-639  1629  -92
-642  1648  -100
-621  1665  -108
-610  1673  -113
-601  1684  -126
-589  1696  -135
-576  1705  -153
-570  1706  -169
-562  1713  -189
-556  1728  -191
-550  1738  -214
-547  1725  -220
-528  1730  -233
-538  1742  -237
-538  1742  -258
-529  1742  -258
-526  1753  -265
-523  1743  -260
-525  1748  -262
-531  1744  -269
-531  1752  -260
-529  1752  -260
-538  1748  -264
-536  1752  -249
-538  1737  -251
-549  1740  -238
-558  1738  -232
-562  1727  -229
-561  1720  -210
-577  1710  -210
-588  1704  -192
-594  1697  -175
-606  1690  -158
-610  1676  -131
-610  1676  -114
-610  1655  -114
-622  1646  -91
-635  1626  -73
-637  1609  -50
-648  1585  -9
-648  1569  5
-654  1569  5
-658  1546  36
-659  1520  55
-658  1499  74
-645  1477  93
-648  1455  99
-654  1426  114
-654  1404  121
-654  1404  120
-653  1368  120
-641  1344  116
-634  1321  121
-631  1295  116
-629  1267  101
-629  1253  112
-612  1253  112
-610  1226  105
-594  1213  103
-588  1200  95
-581  1187  93
-564  1161  76
-557  1152  80
-549  1141  79
-528  1125  62
-511  1102  58
-503  1085  31
-479  1073  14
-468  1062  4
-468  1041  -39
-455  1041  -39
-450  1038  -63
-450  1020  -74
-437  1013  -103
-425  1004  -125
-425  1001  -144
-417  1001  -144
-404  985  -159
-388  977  -196
-381  971  -210
-369  966  -228
-358  959  -261
-344  958  -278
-338  955  -298
-338  955  -314
-335  956  -314
-316  945  -329
-304  952  -341
-292  951  -358
-281  948  -358
-281  947  -368
-270  947  -368
-257  951  -381
-237  953  -386
-225  961  -396
-217  965  -409
-207  969  -402
-189  964  -421
-181  971  -438
-176  994  -422
-154  997  -429
-147  1003  -435
-134  1023  -428
-125  1039  -430
-117  1044  -430
-95  1052  -424
-100  1062  -428
-103  1078  -433
-96  1082  -415
-96  1095  -423
-90  1095  -423
-85  1101  -420
-74  1104  -430
-76  1115  -424
-72  1123  -417
-66  1127  -429
-61  1135  -432
-51  1155  -440
-55  1159  -450
-57  1160  -454
-38  1163  -475
-43  1163  -485
-46  1157  -501
-46  1160  -512
-44  1160  -512
-39  1161  -524
-43  1153  -550
-40  1144  -574
-40  1137  -592
-40  1130  -608
-35  1130  -608
-43  1123  -625
-40  1105  -633
-52  1097  -639
-54  1087  -659
-67  1082  -676
-73  1060  -683
-82  1047  -686
-93  1031  -696
-99  1008  -707
-112  997  -715
-134  975  -739
-141  962  -754
-141  962  -765
-158  953  -765
-168  940  -763
-190  930  -759
-209  916  -752
-239  913  -732
-495  905  -714
-262  905  -714
-288  904  -690
-311  902  -661
-341  912  -647
-366  915  -635
-389  921  -618
-407  934  -607
-433  935  -620
-433  935  -603
-452  951  -603
-475  965  -608
-494  981  -600
-510  998  -589
-534  1011  -594
-534  1023  -585
-548  1023  -585
-565  1038  -571
-579  1053  -568
-606  1074  -559
-619  1082  -541
-627  1105  -521
-644  1125  -494
-644  1143  -460
-653  1155  -421
-667  1180  -397
-676  1198  -348
-682  1220  -332
-685  1238  -299
-685  1238  -277
-684  1255  -277
-696  1265  -263
-697  1282  -235
-698  1298  -217
-700  1313  -205
-708  1330  -197
-707  1350  -189
-705  1356  -192
-704  1362  -188
-710  1371  -175
-715  1368  -180
-710  1367  -180
-707  1378  -169
-707  1369  -171
-717  1369  -171
-708  1372  -164
-701  1370  -160
-702  1364  -141
-708  1354  -147
-701  1342  -147
-696  1328  -156
-692  1319  -160
-695  1303  -153
-691  1285  -158
-683  1272  -168
-675  1256  -165
-673  1226  -179
-673  1226  -170
-666  1203  -170
-659  1182  -192
-638  1164  -197
-631  1135  -208
-616  1108  -204
-594  1079  -214
-575  1058  -234
-550  1047  -243
-533  1029  -254
-509  1009  -281
-479  984  -299
-454  973  -305
-432  965  -333
-432  965  -357
-404  954  -357
-382  945  -366
-368  937  -385
-339  936  -389
-330  932  -394
-330  942  -403
-311  942  -403
-281  946  -404
-266  948  -400
-251  946  -393
-232  957  -391
-213  962  -390
-207  979  -383
-200  979  -360
-194  995  -351
-179  1000  -331
-184  1013  -301
-179  1025  -292
-170  1036  -258
-170  1049  -216
-172  1049  -216
-175  1071  -189
-174  1074  -156
-190  1085  -129
-183  1083  -104
-205  1092  -82
-221  1097  -49
-235  1098  -14
-250  1106  18
-260  1096  47
-279  1097  55
-304  1101  77
-324  1110  99
-324  1100  109
-341  1100  109
-355  1109  103
-374  1108  116
-387  1110  118
-398  1109  115
-408  1115  122
-430  1121  126
-442  1125  131
-460  1126  139
-467  1135  155
-478  1146  151
-481  1151  160
-494  1147  146
-494  1147  149
-502  1150  149
-509  1169  158
-511  1167  155
-517  1169  157
-522  1176  164
-531  1178  152
-538  1182  155
-543  1196  166
-537  1191  166
-555  1188  162
-556  1194  160
-562  1197  144
-564  1195  130
-564  1195  125
-567  1204  125
-579  1206  123
-585  1201  113
-589  1202  109
-600  1213  93
-600  1212  81
-605  1212  81
-600  1215  66
-614  1222  62
-615  1219  61
-627  1230  57
-627  1241  51
-630  1254  58
-632  1267  63
-632  1267  62
-638  1277  62
-641  1291  61
-646  1294  51
-646  1291  34
-655  1298  12
-655  1295  9
-654  1295  9
-664  1284  7
-662  1281  -18
-658  1291  -43
-658  1288  -62
-660  1290  -82
-662  1288  -86
-665  1279  -95
-665  1279  -111
-667  1283  -111
-668  1288  -110
-678  1291  -114
-676  1289  -116
-677  1291  -117
-677  1302  -125
-678  1302  -125
-682  1302  -128
-675  1309  -131
-678  1311  -135
-685  1322  -150
-685  1326  -160
-697  1339  -169
-702  1342  -183
-702  1342  -205
-692  1361  -205
-706  1379  -210
-702  1393  -235
-714  1409  -261
-713  1418  -271
-713  1436  -293
-716  1436  -293
-713  1462  -327
-712  1481  -344
-708  1510  -372
-701  1527  -392
-699  1553  -424
-683  1579  -457
-669  1601  -497
-669  1601  -523
-664  1622  -523
-645  1637  -564
-630  1662  -590
-612  1681  -620
-599  1694  -650
-599  1705  -683
-587  1705  -683
-559  1712  -711
-545  1720  -735
-521  1730  -761
-502  1735  -769
-490  1741  -800
-480  1734  -812
-464  1739  -828
-455  1741  -848
-437  1741  -867
-428  1737  -889
-427  1732  -908
-416  1731  -921
-416  1727  -936
-406  1725  -953
-407  1723  -962
-409  1722  -963
-402  1717  -975
-399  1718  -973
-406  1716  -976
-411  1713  -965
-409  1715  -965
-411  1721  -955
-412  1717  -954
-416  1712  -939
-437  1722  -923
-437  1722  -909
-439  1729  -909
-450  1726  -893
-460  1725  -869
-478  1732  -834
-491  1731  -818
-509  1723  -773
-524  1722  -758
-539  1709  -732
-571  1698  -695
-592  1680  -664
-604  1658  -635
-627  1641  -606
-640  1623  -585
-640  1606  -564
-649  1606  -564
-664  1583  -542
-671  1563  -514
-679  1525  -503
-690  1492  -485
-697  1471  -468
-704  1442  -457
-704  1419  -446
-711  1391  -442
-701  1374  -434
-711  1346  -438
-705  1329  -431
-696  1304  -428
-696  1286  -421
-693  1286  -421
-697  1277  -421
-691  1260  -411
-685  1246  -410
-681  1237  -425
-680  1232  -413
-673  1230  -410
-673  1227  -417
-677  1224  -431
-686  1218  -432
-681  1217  -446
-678  1213  -447
-678  1214  -444
-678  1204  -466
-671  1204  -466
-668  1216  -486
-671  1216  -490
-687  1224  -504
-680  1234  -547
-683  1251  -557
-692  1266  -581
-683  1278  -604
-680  1293  -623
-686  1323  -659
-678  1344  -688
-688  1369  -708
-682  1397  -735
-682  1397  -758
-682  1431  -758
-672  1457  -767
-665  1490  -784
-646  1522  -795
-647  1553  -805
-633  1577  -811
-630  1598  -829
-622  1619  -830
-595  1639  -837
-579  1654  -850
-565  1668  -852
-541  1689  -879
-538  1688  -891
-538  1688  -899
-522  1689  -899
-510  1700  -915
-504  1690  -919
-491  1693  -923
-485  1694  -932
-481  1699  -939
-471  1702  -936
-472  1701  -949
-464  1704  -954
-459  1710  -955
-461  1715  -958
-449  1712  -954
-450  1719  -962
-450  1719  -965
-437  1716  -965
-438  1717  -978
-437  1711  -971
-431  1717  -987
-427  1705  -983
-428  1709  -973
-440  1697  -987
-432  1704  -983
-430  1705  -974
-430  1696  -964
-444  1707  -958
-443  1699  -946
-456  1697  -937
-456  1697  -917
-465  1703  -917
-468  1699  -911
-482  1703  -878
-507  1707  -848
-511  1705  -818
-520  1708  -793
-534  1712  -743
-549  1715  -693
-555  1712  -653
-561  1709  -612
-567  1722  -552
-574  1713  -504
-582  1709  -451
-582  1709  -397
-594  1703  -397
-592  1702  -350
-594  1700  -292
-602  1697  -240
-602  1686  -198
-608  1674  -147
-605  1667  -89
-605  1662  -46
-593  1653  -6
-588  1643  46
-575  1644  78
-578  1632  107
-561  1628  143
-561  1629  156
-552  1629  156
-540  1629  176
-530  1627  198
-513  1621  205
-511  1615  214
-496  1620  228
-492  1609  228
-488  1617  243
-477  1602  247
-476  1595  260
-466  1590  262
-457  1586  278
-436  1573  289
-436  1571  292
-433  1571  292
-411  1568  293
-409  1558  288
-393  1554  312
-387  1537  305
-382  1538  306
-372  1521  301
-355  1510  305
-350  1491  309
-342  1486  299
-323  1468  296
-314  1448  287
-303  1429  291
-303  1412  264
-291  1412  264
-284  1397  261
-282  1386  244
-261  1361  233
-250  1345  215
-248  1321  216
-243  1305  200
-240  1294  180
-240  1294  182
-241  1276  182
-230  1265  165
-235  1243  141
-225  1230  138
-230  1215  121
-230  1208  115
-228  1208  115
-234  1197  99
-233  1181  87
-220  1168  76
-235  1146  61
-224  1147  48
-239  1124  46
-248  1123  37
-248  1123  20
-252  1106  20
-259  1099  13
-266  1094  1
-272  1082  0
-285  1081  -7
-285  1074  -19
-305  1074  -19
-314  1064  -15
-329  1059  -36
-342  1055  -38
-354  1040  -49
-374  1039  -68
-387  1030  -74
-407  1024  -104
-407  1024  -131
-423  1027  -131
-436  1024  -149
-441  1013  -173
-460  1012  -213
-463  1007  -241
-463  1009  -263
-475  1009  -263
-484  1014  -293
-508  1010  -324
-508  1009  -345
-529  1016  -369
-540  1026  -397
-548  1031  -422
-557  1043  -452
-557  1043  -477
-576  1055  -477
-586  1066  -495
-600  1080  -504
-618  1101  -513
-623  1115  -527
-640  1133  -554
-646  1158  -556
-675  1182  -564
-683  1202  -566
-686  1236  -588
-686  1264  -587
-694  1304  -598
-701  1341  -626
-701  1341  -657
-710  1379  -657
-701  1416  -681
-692  1446  -722
-686  1471  -757
-674  1500  -798
-654  1523  -837
-645  1541  -872
-627  1564  -913
-610  1576  -966
-594  1583  -1006
-585  1590  -1037
-571  1580  -1069
-550  1582  -1113
-550  1582  -1134
-531  1583  -1134
-522  1577  -1143
-516  1570  -1173
-511  1565  -1186
-503  1563  -1199
-502  1561  -1206
-497  1549  -1215
-500  1539  -1216
-502  1539  -1210
-511  1540  -1205
-529  1540  -1193
-529  1540  -1181
-540  1536  -1159
-540  1536  -1144
-543  1536  -1144
-545  1551  -1118
-547  1552  -1090
-557  1569  -1057
-560  1579  -1005
-574  1594  -979
-585  1598  -932
-592  1609  -890
-597  1623  -844
-602  1627  -795
-609  1641  -740
-615  1650  -689
-614  1662  -631
-614  1670  -564
-617  1670  -564
-628  1671  -499
-618  1676  -436
-619  1681  -353
-624  1682  -283
-614  1676  -209
-605  1683  -135
-597  1683  -78
-597  1683  -12
-591  1666  -12
-585  1661  61
-572  1640  119
-548  1624  169
-522  1607  204
-266  1596  227
-490  1596  227
-466  1578  264
-446  1575  279
-420  1569  286
-393  1568  292
-380  1568  286
-373  1559  281
-350  1549  294
-350  1549  286
-332  1538  286
-314  1521  273
-305  1500  266
-289  1487  249
-265  1465  248
-254  1445  230
-240  1428  199
-214  1405  186
-212  1385  156
-197  1370  114
-179  1355  89
-179  1333  68
-160  1305  17
-160  1286  -21
-145  1286  -21
-137  1272  -58
-131  1257  -96
-124  1235  -126
-119  1216  -163
-113  1207  -200
-114  1192  -239
-110  1182  -259
-110  1182  -293
-98  1160  -293
-102  1152  -298
-99  1134  -324
-112  1125  -348
-112  1112  -349
-112  1101  -364
-117  1101  -364
-115  1088  -379
-121  1077  -393
-118  1074  -424
-121  1061  -432
-120  1055  -456
-118  1042  -481
-116  1035  -492
-116  1035  -508
-128  1044  -508
-123  1041  -515
-117  1038  -512
-129  1025  -504
-132  1026  -508
-132  1018  -496
-141  1018  -496
-148  1011  -484
-160  1000  -486
-174  995  -472
-187  990  -447
-193  976  -439
-208  976  -427
-215  978  -407
-215  978  -403
-225  970  -403
-237  971  -402
-240  969  -402
-249  959  -384
-257  947  -391
-257  960  -395
-272  960  -395
-281  947  -389
-291  949  -386
-301  944  -381
-315  943  -394
-334  944  -389
-355  940  -394
-371  938  -396
-371  938  -399
-385  941  -399
-397  948  -394
-400  944  -393
-418  957  -385
-438  961  -376
-438  956  -376
-443  956  -376
-451  964  -370
-460  971  -344
-469  974  -328
-476  989  -310
-492  990  -282
-508  1007  -255
-531  1025  -241
-531  1025  -194
-531  1044  -194
-555  1068  -162
-575  1091  -140
-582  1118  -120
-612  1137  -100
-621  1166  -91
-639  1186  -92
-638  1206  -87
-659  1225  -89
-668  1245  -87
-676  1271  -89
-681  1282  -103
-688  1307  -120
-688  1307  -133
-696  1325  -133
-694  1337  -142
-697  1353  -160
-703  1373  -161
-709  1383  -178
-709  1402  -191
-719  1402  -191
-715  1410  -194
-714  1420  -194
-718  1430  -183
-706  1432  -162
-708  1436  -133
-699  1429  -101
-700  1434  -54
-700  1434  -7
-692  1443  -7
-683  1438  37
-673  1444  62
-669  1448  93
-658  1454  114
-658  1461  145
-657  1461  145
-652  1469  169
-643  1475  181
-626  1485  203
-624  1496  202
-626  1502  207
-617  1507  224
-606  1517  219
-611  1530  225
-600  1536  229
-596  1546  229
-584  1558  222
-583  1568  228
-583  1569  229
-572  1569  229
-575  1578  218
-569  1578  227
-567  1592  222
-569  1595  219
-557  1602  213
-557  1603  213
-552  1617  193
-550  1621  194
-549  1630  194
-538  1639  181
-523  1647  173
-516  1663  157
-516  1665  147
-509  1665  147
-505  1676  139
-491  1676  124
-487  1690  115
-486  1698  92
-479  1705  78
-468  1713  61
-465  1720  31
-465  1720  -225
-456  1724  -4
-446  1734  -32
-451  1743  -65
-446  1741  -96
-439  1750  -120
-439  1751  -151
-445  1751  -151
-443  1758  -176
-444  1753  -197
-444  1759  -217
-436  1765  -240
-434  1762  -279
-436  1770  -293
-428  1771  -310
-428  1771  -334
-435  1771  -334
-441  1765  -347
-426  1762  -369
-436  1767  -371
-435  1765  -372
-435  1772  -396
-443  1772  -396
-445  1771  -393
-457  1766  -399
-453  1773  -409
-455  1767  -410
-458  1769  -424
-469  1773  -424
-465  1767  -438
-480  1767  -484
-474  1764  -515
-481  1763  -553
-498  1750  -585
-497  1734  -614
-497  1734  -644
-513  1727  -644
-521  1724  -672
-538  1713  -701
-540  1704  -722
-553  1697  -734
-558  1679  -754
-568  1664  -769
-579  1649  -783
-592  1630  -800
-602  1602  -805
-609  1576  -818
-619  1558  -834
-635  1537  -817
-635  1510  -825
-636  1510  -825
-647  1485  -812
-657  1466  -792
-667  1451  -789
-666  1444  -784
-666  1428  -809
-662  1426  -824
-668  1430  -847
-663  1429  -873
-649  1434  -898
-643  1432  -927
-642  1436  -939
-637  1431  -972
-637  1444  -993
-628  1444  -993
-625  1443  -1006
-608  1453  -1017
-605  1452  -1049
-593  1466  -1035
-599  1466  -1050
-592  1479  -1055
-595  1490  -1036
-595  1490  -1028
-595  1494  -1028
-589  1504  -1011
-594  1517  -990
-596  1531  -980
-594  1543  -959
-594  1553  -941
-592  1553  -941
-601  1569  -922
-602  1577  -893
-600  1585  -882
-603  1596  -859
-607  1595  -831
-607  1607  -806
-608  1608  -796
-608  1608  -776
-607  1626  -776
-598  1635  -748
-603  1645  -734
-594  1644  -702
-596  1663  -683
-596  1672  -641
-600  1672  -641
-601  1673  -629
-599  1676  -588
-593  1696  -554
-601  1690  -508
-593  1704  -469
-597  1699  -425
-595  1698  -386
-595  1698  -346
-593  1717  -346
-597  1713  -294
-598  1703  -255
-595  1696  -229
-591  1697  -179
-591  1699  -159
-596  1699  -159
-597  1689  -133
-596  1685  -91
-598  1670  -75
-594  1670  -45
-604  1656  -15
-607  1653  19
-605  1638  23
-608  1630  46
-611  1627  48
-614  1615  57
-619  1616  65
-616  1608  62
-616  1608  64
-614  1606  64
-621  1610  68
-621  1604  68
-629  1606  69
-633  1605  77
-635  1597  68
-640  1594  69
-637  1588  76
-645  1586  75
-640  1571  84
-645  1567  97
-647  1564  105
-641  1555  105
-641  1546  122
-656  1546  122
-640  1536  128
-644  1528  132
-639  1533  143
-640  1529  148
-638  1514  153
-638  1510  167
-630  1494  167
-626  1492  174
-646  1478  190
-646  1472  182
-639  1459  187
-635  1443  200
-635  1435  195
-634  1435  195
-632  1424  209
-628  1414  219
-623  1414  221
-624  1409  225
-620  1408  226
-624  1391  233
-626  1378  224
-626  1378  222
-630  1372  222
-623  1364  219
-617  1351  214
-617  1341  218
-606  1331  221
-606  1321  222
-606  1313  226
-601  1310  223
-597  1310  222
-594  1310  234
-598  1308  243
-599  1316  237
-598  1314  230
-598  1314  217
-608  1331  217
-610  1339  211
-620  1357  207
-617  1359  204
-631  1375  201
-631  1386  181
-637  1386  181
-646  1395  174
-653  1406  154
-652  1416  139
-666  1442  111
-666  1452  77
-675  1471  65
-676  1474  47
-676  1474  6
-682  1479  6
-676  1485  -41
-684  1496  -60
-682  1511  -87
-689  1515  -115
-689  1531  -148
-687  1531  -148
-686  1525  -169
-698  1543  -197
-693  1551  -225
-690  1549  -254
-688  1555  -283
-683  1555  -311
-683  1564  -342
-683  1564  -366
-683  1574  -366
-682  1580  -404
-678  1585  -432
-672  1577  -465
-665  1583  -492
-665  1582  -533
-666  1582  -533
-659  1583  -559
-665  1591  -602
-651  1597  -629
-652  1601  -663
-644  1598  -695
-639  1593  -717
-625  1595  -751
-625  1595  -778
-623  1587  -778
-625  1575  -817
-616  1586  -845
-615  1581  -880
-612  1576  -934
-595  1572  -966
-589  1566  -1014
-579  1558  -1061
-570  1550  -1096
-561  1542  -1122
-549  1522  -1158
-543  1520  -1180
-535  1506  -1200
-535  1506  -1229
-529  1496  -1229
-528  1486  -1231
-515  1482  -1260
-512  1466  -1276
-508  1477  -1273
-502  1472  -1275
-497  1467  -1284
-498  1465  -1275
-502  1467  -1278
-508  1478  -1271
-506  1486  -1267
-510  1490  -1250
-507  1495  -1244
-507  1497  -1236
-509  1497  -1236
-512  1507  -1227
-509  1516  -1228
-509  1522  -1222
-513  1527  -1205
-510  1522  -1205
-508  1533  -1199
-502  1548  -1196
-501  1551  -1191
-496  1564  -1188
-497  1564  -1174
-495  1580  -1161
-488  1584  -1159
-488  1593  -1147
-480  1593  -1147
-479  1605  -1130
-471  1620  -1127
-469  1625  -1117
-460  1637  -1105
-456  1643  -1107
-456  1645  -1095
-451  1651  -1100
-451  1651  -1091
-452  1658  -1091
-441  1667  -1071
-438  1673  -1060
-430  1681  -1058
-428  1678  -1029
-428  1682  -1011
-429  1682  -1011
-414  1689  -989
-412  1706  -957
-409  1706  -941
-401  1710  -928
-392  1716  -924
-397  1712  -927
-395  1711  -928
-395  1711  -920
-389  1725  -920
-390  1723  -906
-389  1727  -895
-390  1722  -891
-394  1730  -879
-394  1733  -860
-386  1733  -860
-387  1736  -846
-385  1747  -829
-376  1745  -795
-382  1751  -779
-388  1764  -766
-375  1754  -771
-373  1764  -769
-373  1764  -767
-374  1756  -767
-381  1762  -761
-370  1757  -755
-365  1756  -753
-364  1760  -756
-364  1757  -740
-368  1757  -740
-372  1766  -731
-366  1762  -710
-358  1762  -687
-357  1773  -650
-351  1774  -624
-350  1765  -597
-354  1781  -559
-354  1781  -533
-347  1779  -533
-339  1783  -511
-348  1782  -478
-342  1779  -457
-332  1780  -440
-338  1783  -411
-341  1782  -388
-337  1773  -359
-340  1772  -328
-344  1768  -300
-351  1767  -263
-354  1757  -216
-353  1757  -162
-353  1757  -109
-363  1743  -109
-352  1742  -55
-362  1725  4
-362  1715  50
-361  1696  87
-360  1684  137
-366  1664  164
-373  1644  201
-375  1628  213
-373  1613  239
-379  1591  269
-380  1580  291
-381  1561  299
-381  1541  326
-382  1524  344
-388  1508  361
-394  1490  355
-396  1481  374
-401  1464  380
-404  1433  378
-418  1408  378
-424  1385  391
-423  1372  395
-418  1356  383
-427  1328  381
-431  1320  365
-431  1320  356
-428  1308  356
-430  1289  347
-438  1270  335
-444  1258  330
-443  1237  308
-447  1233  299
-447  1218  280
-443  1200  274
-449  1199  259
-447  1185  238
-448  1178  219
-453  1167  214
-459  1164  207
-459  1164  182
-447  1159  182
-455  1154  174
-465  1152  174
-470  1142  175
-469  1137  166
-474  1151  159
-475  1146  155
-477  1146  173
-478  1151  168
-486  1158  186
-490  1167  188
-491  1173  191
-499  1176  199
-499  1176  212
-493  1184  212
-511  1193  227
-521  1212  237
-525  1220  246
-537  1226  251
-537  1243  255
-542  1243  255
-557  1247  254
-564  1261  252
-566  1271  251
-575  1272  248
-577  1282  248
-582  1288  247
-583  1294  268
-578  1302  268
-584  1299  264
-584  1305  259
-588  1316  253
-594  1308  261
-593  1313  252
-600  1316  245
-595  1327  239
-620  1354  234
-616  1363  224
-632  1380  197
-642  1395  190
-654  1424  171
-654  1424  129
-656  1451  129
-663  1464  99
-664  1477  79
-676  1496  50
-675  1511  18
-677  1522  -24
-681  1530  -50
-674  1538  -79
-679  1543  -106
-679  1551  -143
-679  1561  -161
-688  1562  -188
-686  1569  -213
-686  1569  -215
-678  1575  -215
-681  1580  -228
-673  1593  -243
-672  1596  -263
-671  1617  -280
-661  1630  -291
-659  1640  -307
-645  1660  -338
-634  1663  -357
-620  1676  -373
-607  1691  -386
-603  1702  -419
-594  1709  -440
-594  1709  -442
-575  1720  -442
-572  1725  -461
-562  1745  -467
-550  1749  -476
-533  1760  -493
-530  1754  -499
-507  1769  -511
-498  1770  -520
-498  1778  -531
-480  1779  -529
-472  1773  -530
-467  1784  -527
-456  1787  -535
-456  1787  -530
-439  1789  -530
-427  1796  -524
-415  1787  -523
-411  1784  -528
-400  1783  -518
-377  1781  -522
-373  1783  -533
-357  1790  -546
-348  1787  -546
-344  1775  -558
-334  1779  -571
-326  1781  -598
-321  1762  -597
-321  1762  -630
-311  1767  -630
-295  1754  -661
-289  1756  -682
-278  1752  -705
-271  1749  -724
-265  1748  -729
-267  1737  -749
-257  1735  -740
-254  1728  -756
-245  1720  -776
-238  1718  -793
-227  1706  -811
-225  1703  -809
-225  1689  -828
-216  1689  -828
-209  1682  -836
-206  1675  -853
-194  1675  -859
-195  1678  -886
-190  1668  -898
-178  1666  -907
-185  1655  -912
-182  1653  -934
-180  1643  -936
-176  1643  -954
-174  1631  -965
-169  1625  -979
-169  1614  -987
-170  1614  -987
-167  1615  -990
-151  1613  -1002
-150  1605  -980
-139  1609  -982
-140  1598  -983
-131  1593  -985
-116  1573  -989
-112  1581  -994
-101  1560  -1011
-112  1550  -1022
-98  1535  -1021
-94  1543  -1023
-94  1538  -1014
-86  1538  -1014
-84  1530  -998
-82  1535  -974
-69  1529  -959
-62  1526  -952
-70  1520  -952
-63  1520  -921
-59  1510  -904
-55  1502  -902
-54  1494  -881
-47  1492  -867
-39  1471  -853
-33  1449  -840
-33  1434  -822
-41  1434  -822
-30  1418  -803
-27  1411  -767
-27  1399  -738
-28  1395  -719
-22  1381  -681
-25  1382  -655
-22  1367  -627
-22  1367  -593
-20  1369  -593
-21  1345  -574
-15  1335  -545
-21  1329  -522
-14  1315  -495
-14  1307  -468
-17  1307  -468
-19  1291  -448
-22  1273  -421
-16  1266  -397
-21  1251  -389
-25  1251  -365
-32  1247  -355
-39  1237  -331
-39  1237  -326
-44  1235  -326
-48  1233  -303
-51  1234  -281
-64  1232  -259
-61  1232  -242
-61  1228  -231
-62  1228  -231
-71  1228  -198
-74  1231  -173
-81  1230  -143
-94  1224  -106
-103  1222  -92
-117  1224  -59
-129  1225  -46
-129  1225  -14
-135  1235  -14
-145  1245  11
-152  1240  30
-149  1255  26
-162  1250  42
-162  1251  63
-180  1251  63
-172  1261  79
-184  1260  83
-185  1261  100
-187  1260  99
-180  1268  110
-191  1268  117
-198  1271  129
-198  1271  136
-202  1284  136
-206  1278  133
-215  1292  150
-217  1285  174
-225  1299  183
-225  1308  194
-228  1308  194
-235  1319  207
-242  1323  213
-243  1336  226
-257  1352  237
-267  1368  218
-267  1395  236
-274  1419  243
-270  1432  251
-271  1460  245
-270  1475  233
-279  1485  223
-282  1508  222
-282  1532  222
-272  1532  222
-273  1553  208
-277  1575  184
-275  1586  186
-282  1605  179
-272  1608  169
-280  1613  171
-283  1625  165
-283  1616  160
-291  1605  158
-297  1611  155
-314  1633  131
-311  1637  107
-311  1656  83
-323  1656  83
-313  1680  64
-319  1686  28
-319  1698  -13
-309  1709  -64
-307  1718  -107
-310  1727  -153
-304  1742  -186
-311  1742  -221
-312  1752  -250
-321  1754  -278
-321  1755  -296
-316  1762  -304
-316  1760  -304
-327  1760  -304
-333  1765  -289
-332  1762  -270
-337  1772  -250
-330  1761  -238
-336  1759  -225
-334  1763  -216
-334  1753  -205
-333  1750  -207
-330  1747  -203
-335  1754  -206
-329  1745  -215
-329  1747  -210
-329  1747  -191
-332  1746  -191
-329  1745  -199
-337  1743  -199
-341  1749  -183
-345  1751  -174
-362  1748  -173
-369  1757  -168
-380  1752  -157
-393  1760  -161
-404  1763  -174
-419  1760  -167
-428  1760  -173
-440  1764  -187
-440  1764  -203
-444  1755  -203
-457  1761  -222
-461  1757  -238
-468  1765  -248
-470  1773  -266
-470  1769  -284
-475  1769  -284
-473  1764  -297
-476  1772  -320
-479  1773  -325
-485  1773  -322
-476  1769  -327
-481  1766  -323
-483  1768  -311
-483  1768  -324
-495  1778  -324
-485  1768  -305
-495  1771  -307
-490  1772  -313
-487  1765  -308
-487  1767  -305
-485  1767  -305
-481  1770  -315
-480  1768  -295
-475  1771  -299
-470  1768  -286
-470  1769  -272
-463  1770  -267
-462  1769  -260
-461  1771  -244
-461  1773  -233
-452  1776  -217
-450  1773  -213
-451  1774  -202
-451  1774  -194
-445  1766  -194
-430  1763  -196
-427  1760  -204
-426  1767  -202
-431  1770  -196
-431  1767  -200
-435  1767  -200
-436  1767  -201
-436  1763  -174
-445  1760  -181
-439  1758  -169
-438  1768  -173
-444  1760  -165
-436  1754  -167
-436  1754  -171
-429  1760  -171
-426  1766  -158
-409  1763  -164
-402  1761  -152
-398  1759  -167
-398  1758  -175
-382  1758  -175
-370  1758  -178
-359  1763  -188
-337  1758  -188
-335  1755  -211
-322  1743  -227
-309  1744  -259
-301  1750  -261
-301  1750  -284
-292  1749  -284
-277  1740  -301
-271  1731  -301
-253  1724  -319
-242  1711  -329
-242  1710  -335
-232  1710  -335
-232  1695  -334
-210  1695  -334
-221  1696  -321
-215  1698  -328
-209  1695  -318
-205  1688  -311
-205  1675  -287
-199  1673  -284
-199  1664  -267
-196  1660  -252
-199  1655  -244
-202  1661  -231
-202  1661  -219
-205  1663  -219
-205  1650  -225
-202  1658  -219
-206  1664  -202
-215  1671  -200
-220  1676  -193
-228  1667  -170
-235  1678  -166
-240  1679  -145
-250  1685  -148
-257  1684  -148
-268  1694  -130
-269  1691  -111
-269  1688  -95
-274  1688  -95
-283  1689  -70
-290  1684  -58
-301  1687  -54
-304  1686  -14
-303  1686  -2
-307  1673  22
-317  1673  40
-325  1674  58
-330  1678  64
-339  1675  77
-347  1671  95
-366  1664  118
-366  1666  137
-368  1666  137
-382  1657  151
-388  1657  177
-404  1647  189
-411  1647  202
-424  1625  216
-439  1629  233
-448  1620  237
-459  1604  244
-471  1607  251
-484  1607  252
-493  1601  244
-511  1593  249
-511  1592  238
-526  1592  238
-539  1588  237
-553  1584  223
-570  1584  208
-575  1583  205
-586  1580  183
-602  1568  159
-617  1558  149
-617  1558  131
-621  1551  131
-639  1552  110
-640  1540  93
-648  1542  74
-647  1534  51
-647  1527  24
-651  1527  24
-655  1513  4
-669  1517  -22
-682  1514  -42
-677  1510  -63
-693  1499  -82
-688  1482  -93
-694  1478  -108
-694  1478  -116
-696  1466  -116
-696  1451  -99
-693  1438  -95
-703  1423  -102
-698  1416  -95
-698  1401  -85
-695  1401  -85
-692  1394  -91
-698  1379  -78
-693  1370  -86
-691  1353  -83
-682  1342  -92
-685  1328  -90
-680  1321  -90
-680  1321  -99
-684  1303  -99
-677  1298  -101
-675  1277  -101
-675  1271  -105
-676  1262  -94
-676  1256  -95
-664  1256  -95
-666  1245  -91
-658  1238  -87
-661  1236  -92
-648  1220  -85
-653  1215  -75
-643  1201  -78
-644  1203  -69
-644  1203  -73
-642  1188  -73
-632  1192  -76
-630  1196  -72
-631  1181  -74
-621  1182  -68
-621  1191  -56
-631  1191  -56
-623  1195  -47
-629  1194  -45
-634  1205  -32
-633  1202  -8
-633  1196  -13
-635  1210  1
-638  1214  5
-638  1214  22
-636  1228  22
-639  1236  27
-635  1244  42
-638  1248  52
-644  1274  67
-644  1293  64
-647  1293  64
-643  1306  78
-652  1319  99
-653  1335  101
-663  1360  109
-660  1379  109
-656  1398  112
-668  1420  104
-662  1444  102
-662  1468  105
-660  1484  104
-650  1494  100
-648  1519  111
-648  1542  114
-646  1542  114
-644  1555  120
-638  1566  115
-625  1587  106
-618  1594  117
-598  1600  104
-605  1613  93
-593  1634  93
-593  1634  83
-583  1647  83
-573  1662  68
-567  1668  57
-561  1678  42
-548  1684  22
-548  1692  19
-536  1707  -9
-529  1713  -38
-516  1724  -58
-511  1727  -80
-507  1729  -91
-495  1736  -100
-490  1740  -108
-490  1740  -125
-479  1746  -125
-480  1749  -132
-472  1751  -149
-462  1760  -159
-450  1752  -172
-450  1764  -199
-443  1764  -199
-441  1767  -211
-422  1761  -227
-419  1770  -254
-405  1766  -276
-400  1765  -306
-396  1779  -340
-391  1777  -368
-391  1777  -405
-381  1784  -464
-386  1778  -508
-382  1776  -545
-382  1774  -603
-382  1771  -661
-380  1771  -661
-381  1762  -694
-392  1758  -751
-392  1760  -800
-399  1744  -834
-403  1743  -889
-406  1727  -920
-412  1713  -948
-412  1713  -987
-421  1708  -987
-420  1698  -1015
-429  1683  -1049
-437  1668  -1085
-444  1654  -1096
-444  1641  -1108
-452  1641  -1108
-455  1637  -1138
-451  1630  -1155
-467  1623  -1166
-474  1605  -1175
-483  1593  -1186
-480  1593  -1185
-485  1584  -1203
-485  1584  -1193
-485  1573  -1193
-492  1562  -1197
-498  1552  -1208
-509  1545  -1199
-511  1548  -1197
-767  1541  -1185
-520  1541  -1185
-523  1543  -1169
-530  1543  -1161
-533  1547  -1153
-535  1538  -1134
-543  1546  -1115
-551  1547  -1100
-557  1552  -1069
-557  1552  -1048
-569  1563  -1048
-577  1563  -1014
-593  1568  -972
-598  1567  -936
-608  1578  -909
-608  1583  -876
-614  1583  -876
-621  1589  -837
-627  1584  -833
-637  1587  -818
-634  1579  -810
-638  1570  -818
-639  1558  -821
-642  1548  -820
-642  1548  -846
-649  1537  -846
-647  1524  -847
-649  1517  -862
-643  1505  -875
-651  1493  -876
-651  1480  -884
-655  1480  -884
-666  1476  -876
-655  1464  -878
-659  1446  -867
-652  1444  -873
-663  1433  -856
-671  1416  -845
-666  1412  -839
-666  1412  -818
-667  1404  -818
-685  1393  -807
-682  1392  -796
-679  1388  -774
-687  1386  -759
-680  1390  -746
-685  1396  -734
-684  1393  -714
-686  1397  -703
-695  1406  -698
-693  1411  -682
-694  1420  -676
-701  1432  -652
-701  1432  -640
-701  1435  -640
-696  1449  -623
-698  1463  -605
-698  1479  -593
-694  1487  -579
-695  1500  -557
-691  1522  -536
-685  1539  -519
-684  1559  -513
-676  1577  -501
-665  1599  -504
-668  1612  -494
-652  1627  -503
-652  1659  -490
-649  1659  -490
-633  1666  -495
-626  1677  -487
-619  1693  -486
-596  1707  -470
-588  1708  -454
-576  1725  -443
-564  1734  -438
-558  1744  -433
-539  1745  -428
-528  1753  -407
-514  1763  -401
-494  1767  -393
-494  1770  -381
-487  1770  -381
-462  1775  -364
-452  1775  -358
-443  1780  -342
-430  1783  -328
-422  1781  -312
-402  1782  -289
-402  1780  -291
-402  1780  -293
-380  1778  -293
-374  1771  -295
-358  1768  -301
-354  1763  -303
-345  1757  -321
-345  1763  -328
-326  1763  -328
-333  1759  -352
-325  1754  -352
-314  1764  -353
-310  1762  -352
-307  1754  -359
-286  1750  -340
-291  1752  -342
-291  1752  -338
-283  1747  -338
-275  1750  -332
-274  1745  -305
-266  1737  -299
-266  1731  -275
-266  1724  -269
-267  1724  -269
-268  1724  -255
-259  1719  -228
-265  1713  -214
-263  1713  -203
-257  1715  -207
-254  1714  -195
-257  1711  -181
-257  1711  -163
-262  1708  -163
-265  1708  -152
-267  1704  -132
-259  1694  -115
-259  1694  -112
-259  1692  -102
-266  1692  -102
-252  1687  -94
-259  1683  -84
-253  1687  -89
-253  1679  -84
-250  1673  -93
-256  1665  -95
-243  1663  -86
-243  1663  -89
-240  1652  -89
-226  1655  -94
-228  1648  -91
-221  1650  -91
-216  1647  -99
-216  1643  -98
-217  1635  -101
-209  1629  -106
-197  1621  -110
-186  1617  -118
-187  1609  -130
-180  1604  -142
-175  1587  -139
-175  1589  -160
-164  1589  -160
-162  1584  -170
-157  1583  -175
-149  1571  -195
-139  1568  -218
-132  1565  -237
-124  1556  -266
-123  1561  -293
-107  1553  -320
-104  1547  -340
-97  1541  -357
-93  1537  -394
-88  1533  -415
-88  1534  -429
-82  1534  -429
-83  1522  -454
-81  1517  -478
-70  1516  -496
-64  1510  -518
-63  1511  -532
-58  1500  -547
-55  1496  -550
-48  1494  -561
-49  1489  -567
-51  1493  -582
-50  1491  -589
-54  1491  -593
-54  1494  -596
-49  1494  -596
-54  1498  -615
-52  1495  -619
-56  1499  -617
-61  1502  -638
-59  1507  -646
-61  1504  -653
-61  1505  -654
-61  1505  -665
-60  1495  -665
-58  1495  -676
-49  1488  -693
-39  1473  -701
-41  1470  -702
-41  1458  -720
-37  1458  -720
-36  1458  -735
-40  1444  -743
-26  1436  -755
-23  1425  -765
-30  1403  -786
-18  1394  -804
-17  1387  -811
-17  1387  -818
-16  1375  -818
-6  1365  -827
-6  1351  -845
-7  1339  -855
-7  1334  -873
-7  1321  -884
-11  1321  -884
1  1316  -891
-9  1304  -896
-3  1297  -920
8  1292  -918
10  1292  -938
4  1283  -932
2  1281  -931
2  1025  -946
-6  1267  -946
7  1265  -952
9  1263  -950
6  1251  -960
7  1244  -959
1  1234  -950
5  1226  -942
-4  1222  -937
-8  1214  -933
-2  1203  -930
1  1204  -915
-3  1202  -901
-17  1210  -901
-17  1210  -885
-9  1208  -885
-2  1205  -874
-10  1208  -867
-9  1202  -851
-17  1197  -836
-17  1200  -817
-16  1200  -817
-11  1204  -796
-22  1199  -780
-22  1201  -759
-17  1194  -748
-20  1191  -727
-28  1194  -704
-35  1189  -692
-35  1189  -667
-28  1185  -667
-28  1190  -654
-33  1194  -642
-29  1188  -621
-33  1197  -606
-33  1186  -589
-31  1186  -589
-39  1193  -570
-44  1197  -542
-46  1200  -513
-46  1205  -490
-47  1212  -464
-61  1225  -442
-53  1224  -418
-53  1224  -393
-65  1227  -393
-71  1237  -351
-82  1244  -315
-80  1252  -277
-91  1250  -231
-99  1258  -199
-114  1264  -164
-119  1277  -113
-135  1279  -90
-145  1273  -47
-155  1276  -13
-164  1276  32
-178  1276  62
-178  1276  94
-200  1278  94
-208  1277  113
-222  1269  129
-242  1271  166
-264  1260  190
-266  1265  206
-281  1262  219
-301  1268  230
-310  1257  256
-320  1257  271
-349  1253  281
-354  1250  274
-365  1245  290
-365  1245  288
-376  1242  288
-382  1239  288
-404  1238  296
-400  1238  290
-415  1229  279
-419  1221  275
-426  1214  266
-436  1201  261
-439  1190  260
-451  1186  244
-446  1178  226
-460  1167  223
-468  1163  204
-468  1163  191
-470  1152  191
-476  1142  176
-470  1137  158
-480  1127  140
-484  1132  124
-484  1117  91
-481  1117  91
-488  1118  83
-490  1110  63
-492  1095  37
-495  1078  8
-500  1072  -30
-494  1072  -47
-487  1058  -81
-487  1058  -93
-494  1043  -93
-493  1045  -127
-490  1033  -154
-494  1020  -177
-488  1016  -203
-488  1010  -218
-491  1010  -218
-489  1005  -232
-488  1002  -261
-488  998  -284
-491  990  -306
-494  987  -339
-487  987  -363
-490  978  -395
-490  978  -410
-498  985  -410
-498  978  -451
-492  980  -478
-497  970  -502
-506  980  -517
-509  974  -563
-507  983  -592
-513  985  -613
-517  983  -632
-524  989  -659
-516  981  -681
-505  984  -708
-513  986  -721
-513  986  -729
-512  981  -729
-500  974  -740
-490  985  -747
-494  981  -755
-483  970  -773
-489  973  -781
-476  982  -786
-476  966  -781
-473  967  -782
-468  969  -792
-467  971  -795
-471  973  -795
-474  976  -801
-474  978  -815
-467  978  -815
-467  977  -824
-481  990  -833
-486  983  -849
-487  991  -852
-493  1003  -861
-495  1000  -859
-493  996  -873
-493  996  -878
-487  1005  -878
-491  999  -880
-489  1000  -902
-493  1008  -905
-487  1004  -927
-487  1007  -925
-482  1007  -925
-476  1000  -927
-476  997  -936
-469  991  -947
-466  988  -944
-478  997  -954
-473  993  -947
-470  995  -955
-474  1001  -959
-475  1003  -962
-469  1002  -962
-473  1007  -965
-484  998  -966
-484  998  -971
-475  998  -971
-463  990  -969
-461  990  -973
-453  985  -975
-449  987  -980
-442  981  -974
-435  979  -973
-438  979  -982
-438  979  -980
-424  974  -980
-418  976  -968
-415  967  -978
-409  969  -980
-412  966  -973
-412  958  -964
-395  958  -964
-398  955  -976
-395  956  -970
-382  946  -980
-375  952  -982
-369  944  -976
-361  944  -984
-354  946  -987
-354  946  -989
-348  947  -989
-336  946  -988
-337  954  -1003
-323  942  -1001
-322  941  -1007
-320  939  -1013
-316  943  -1016
-310  941  -1022
-307  939  -1021
-296  937  -1012
-289  940  -1009
-285  946  -1007
-278  941  -1015
-278  941  -1014
-276  940  -1014
-266  943  -1000
-263  938  -1008
-257  944  -1003
-246  944  -1007
-246  942  -997
-238  942  -997
-241  945  -1001
-244  947  -997
-233  948  -1004
-227  948  -1000
-220  951  -1009
-223  957  -1011
-208  954  -1024
-208  954  -1033
-205  962  -1033
-201  967  -1038
-200  968  -1048
-193  970  -1061
-189  973  -1079
-184  983  -1081
-179  985  -1108
-179  987  -1104
-171  990  -1129
-171  995  -1128
-168  995  -1135
-160  995  -1144
-157  1009  -1148
-157  1009  -1161
-153  1005  -1161
-144  1004  -1161
-152  1011  -1175
-146  1018  -1166
-143  1026  -1178
-147  1027  -1199
-143  1035  -1209
-148  1030  -1220
-147  1033  -1227
-146  1041  -1236
-151  1047  -1250
-153  1052  -1271
-154  1052  -1275
-154  1059  -1294
-158  1059  -1294
-153  1060  -1293
-160  1052  -1290
-171  1054  -1306
-185  1045  -1316
-194  1048  -1314
-198  1041  -1320
-214  1041  -1318
-227  1017  -1308
-215  1022  -1306
-232  1020  -1285
-232  1020  -1282
-241  1010  -1263
-241  997  -1255
-253  997  -1255
-262  1001  -1244
-261  991  -1229
-269  993  -1207
-279  984  -1190
-285  971  -1167
-301  967  -1158
-299  963  -1133
-299  963  -1114
-322  958  -1114
-337  959  -1087
-347  948  -1066
-351  949  -1055
-375  958  -1038
-375  963  -1023
-377  963  -1023
-388  963  -1005
-402  965  -981
-417  970  -964
-434  970  -955
-449  986  -946
-455  986  -933
-474  991  -900
-474  991  -896
-493  1002  -896
-494  1005  -865
-520  1005  -847
-535  1022  -837
-547  1030  -812
-547  1041  -793
-560  1041  -793
-571  1060  -789
-581  1076  -765
-597  1091  -748
-614  1115  -729
-624  1118  -711
-635  1134  -692
-643  1148  -675
-643  1148  -668
-649  1171  -668
-658  1182  -655
-663  1205  -639
-667  1213  -615
-687  1236  -610
-691  1247  -588
-697  1263  -574
-699  1278  -550
-700  1299  -537
-706  1308  -522
-712  1332  -519
-709  1344  -495
-712  1348  -486
-712  1348  -481
-716  1358  -481
-711  1366  -477
-712  1372  -460
-713  1376  -453
-717  1385  -453
-717  1371  -440
-712  1371  -440
-717  1377  -422
-721  1378  -419
-717  1369  -412
-717  1368  -406
-720  1352  -397
-717  1346  -392
-721  1337  -372
-712  1326  -372
-712  1304  -366
-707  1300  -363
-699  1276  -351
-696  1251  -349
-696  1234  -326
-689  1234  -326
-674  1215  -318
-664  1186  -298
-663  1173  -284
-645  1150  -251
-627  1135  -227
-613  1117  -207
-599  1107  -175
-599  1107  -169
-583  1086  -169
-562  1076  -137
-545  1071  -124
-526  1061  -118
-511  1054  -115
-490  1044  -102
-474  1038  -101
-466  1037  -96
-455  1031  -98
-435  1024  -90
-424  1024  -89
-400  1021  -96
-379  1019  -114
-379  1019  -124
-367  1016  -124
-346  1010  -136
-328  1011  -163
-308  999  -190
-287  995  -218
-273  999  -241
-253  996  -259
-246  1005  -282
-231  1006  -301
-216  1008  -323
-204  1013  -347
-184  1013  -360
-173  1027  -383
-173  1022  -401
-161  1022  -401
-152  1031  -417
-144  1036  -431
-131  1031  -439
-128  1045  -439
-124  1057  -453
-123  1061  -458
-108  1067  -465
-100  1075  -481
-93  1085  -488
-87  1098  -489
-76  1112  -492
-68  1119  -505
-68  1126  -501
-61  1126  -501
-59  1128  -494
-64  1139  -488
-64  1144  -488
-57  1153  -487
-51  1163  -497
-46  1174  -512
-49  1169  -531
-48  1172  -538
-35  1176  -546
-35  1173  -564
-32  1182  -577
-31  1184  -593
-31  1182  -615
-22  1182  -615
-21  1181  -626
-25  1181  -649
-19  1183  -677
-16  1180  -700
-16  1180  -722
-11  1169  -749
-26  1168  -775
-26  1168  -799
-24  1161  -799
-25  1146  -820
-24  1143  -850
-25  1131  -876
-25  1128  -891
-25  1116  -914
-29  1116  -914
-37  1102  -939
-39  1087  -979
-53  1078  -983
-56  1068  -1001
-67  1050  -1019
-75  1045  -1033
-83  1022  -1059
-83  1022  -1051
-83  1021  -1051
-93  1006  -1050
-105  999  -1061
-109  994  -1078
-121  1001  -1081
-121  1001  -1089
-123  1001  -1089
-133  989  -1089
-137  990  -1106
-147  979  -1105
-146  976  -1117
-157  985  -1123
-166  978  -1122
-175  973  -1131
-175  973  -1145
-175  971  -1145
-176  970  -1155
-190  971  -1159
-203  972  -1169
-200  968  -1170
-216  969  -1179
-231  972  -1188
-237  972  -1197
-249  967  -1205
-261  970  -1213
-280  970  -1208
-290  968  -1215
-295  979  -1217
-295  978  -1216
-305  978  -1210
-324  985  -1217
-329  984  -1205
-336  979  -1216
-340  989  -1213
-355  997  -1226
-367  1007  -1227
-367  1007  -1234
-373  1009  -1234
-383  1016  -1236
-389  1037  -1239
-394  1038  -1230
-405  1046  -1255
-405  1050  -1252
-411  1050  -1252
-426  1061  -1255
-429  1069  -1252
-431  1081  -1280
-437  1093  -1280
-438  1091  -1289
-438  1104  -1296
-434  1119  -1319
-434  1119  -1327
-434  1129  -1327
-430  1130  -1340
-438  1141  -1358
-433  1154  -1364
-432  1159  -1373
-432  1168  -1391
-423  1168  -1391
-421  1170  -1409
-410  1178  -1402
-412  1185  -1419
-409  1184  -1412
-406  1200  -1419
-400  1200  -1433
-390  1208  -1447
-390  1208  -1459
-375  1201  -1459
-374  1206  -1462
-359  1207  -1474
-349  1211  -1489
-341  1221  -1487
-340  1225  -1500
-323  1232  -1502
-314  1243  -1500
-308  1244  -1500
-295  1248  -1501
-286  1248  -1510
-273  1256  -1504
-269  1256  -1497
-269  1256  -1503
-254  1257  -1503
-246  1259  -1507
-240  1263  -1494
-233  1266  -1498
-217  1266  -1495
-207  1269  -1495
-207  1268  -1493
-194  1265  -1482
-190  1259  -1472
-184  1258  -1465
-172  1254  -1466
-164  1246  -1472
-156  1234  -1451
-156  1234  -1441
-153  1226  -1441
-149  1221  -1423
-145  1208  -1420
-136  1202  -1406
-131  1188  -1395
-135  1176  -1386
-130  1175  -1374
-135  1163  -1360
-123  1159  -1349
-124  1142  -1342
-124  1129  -1322
-118  1123  -1298
-116  1109  -1276
-116  1109  -1264
-114  1095  -1235
-109  1085  -1208
-108  1077  -1185
-112  1069  -1153
-106  1058  -1120
-106  1060  -1091
-105  1058  -1069
-105  1058  -1024
-94  1046  -1024
-93  1042  -1004
-98  1037  -973
-96  1043  -959
-92  1033  -937
-92  1026  -921
-85  1026  -921
-91  1035  -906
-93  1038  -887
-89  1042  -868
-93  1042  -853
-91  1044  -835
-92  1052  -812
-84  1054  -795
-84  1054  -786
-88  1058  -786
-82  1059  -771
-86  1060  -765
-79  1058  -756
-84  1062  -754
-84  1057  -751
-77  1057  -751
-85  1060  -770
-87  1068  -765
-84  1061  -759
-81  1061  -767
-86  1056  -774
-79  1056  -782
-83  1042  -795
-83  1042  -807
-79  1046  -807
-83  1047  -830
-88  1043  -865
-77  1047  -880
-76  1054  -905
-76  1049  -929
-91  1045  -951
-82  1041  -972
-87  1048  -987
-88  1053  -1015
-90  1055  -1036
-92  1057  -1075
-94  1057  -1091
-94  1060  -1126
-103  1059  -1145
-102  1061  -1186
-111  1071  -1219
-113  1077  -1254
-113  1083  -1280
-120  1083  -1280
-129  1097  -1310
-139  1100  -1345
-141  1113  -1368
-146  1115  -1380
-154  1127  -1393
-163  1129  -1404
-171  1134  -1420
-173  1144  -1435
-179  1152  -1451
-193  1171  -1468
-192  1187  -1468
-199  1189  -1471
-199  1198  -1486
-212  1198  -1486
-223  1218  -1494
-229  1227  -1492
-234  1236  -1499
-243  1238  -1499
-249  1260  -1511
-253  1268  -1518
-261  1282  -1517
-274  1300  -1506
-286  1304  -1499
-294  1316  -1500
-299  1335  -1499
-302  1349  -1493
-302  1358  -1490
-314  1358  -1490
-323  1369  -1481
-327  1367  -1479
-338  1390  -1464
-344  1397  -1454
-355  1406  -1442
-363  1413  -1421
-378  1425  -1411
-384  1425  -1408
-390  1439  -1405
-405  1443  -1378
-416  1447  -1367
-421  1461  -1353
-421  1471  -1341
-440  1471  -1341
-446  1471  -1306
-457  1480  -1301
-468  1491  -1282
-474  1492  -1259
-481  1505  -1245
-494  1510  -1225
-497  1514  -1199
-514  1525  -1181
-520  1522  -1158
-525  1522  -1141
-533  1530  -1119
-533  1532  -1110
-533  1536  -1080
-545  1536  -1080
-552  1539  -1062
-561  1544  -1049
-562  1531  -1028
-576  1538  -1001
-589  1539  -994
-593  1532  -981
-605  1528  -957
-614  1529  -940
-621  1521  -933
-626  1508  -908
-635  1510  -897
-642  1500  -871
-642  1500  -862
-644  1500  -862
-645  1497  -860
-649  1487  -844
-657  1478  -820
-670  1476  -816
-669  1466  -805
-672  1457  -801
-679  1454  -782
-688  1439  -778
-690  1424  -754
-682  1420  -746
-685  1402  -757
-690  1407  -747
-690  1390  -739
-688  1390  -739
-689  1379  -750
-693  1369  -743
-694  1364  -737
-694  1356  -738
-694  1342  -751
-689  1335  -744
-689  1310  -750
-676  1302  -750
-683  1288  -763
-677  1267  -760
-669  1257  -766
-659  1238  -782
-659  1222  -789
-657  1222  -789
-652  1208  -790
-645  1185  -790
-633  1172  -804
-629  1155  -808
-613  1137  -819
-607  1120  -812
-596  1104  -810
-587  1089  -799
-576  1072  -801
-577  1055  -791
-561  1053  -795
-559  1042  -806
-559  1025  -806
-542  1025  -806
-540  1017  -827
-533  1007  -820
-508  999  -836
-498  984  -845
-477  973  -864
-455  963  -877
-447  964  -877
-447  964  -887
-437  951  -887
-425  956  -887
-410  945  -879
-391  938  -871
-391  945  -869
-391  939  -856
-380  939  -856
-371  942  -876
-360  943  -886
-343  939  -886
-341  928  -889
-319  935  -887
-309  928  -890
-294  930  -893
-294  930  -908
-291  933  -908
-282  931  -909
-272  931  -913
-256  934  -924
-247  941  -939
-247  942  -946
-244  942  -946
-235  946  -954
-221  938  -960
-223  942  -967
-216  947  -982
-219  948  -982
-206  959  -994
-197  963  -1004
-197  963  -1008
-197  960  -1008
-189  971  -1017
-187  969  -1025
-175  972  -1042
-167  981  -1046
-167  986  -1051
-170  986  -1051
-163  996  -1060
-161  992  -1076
-156  992  -1091
-146  998  -1105
-147  1005  -1127
-149  1018  -1160
-153  1025  -1162
-153  769  -1201
-152  1022  -1201
-158  1032  -1208
-163  1037  -1240
-173  1040  -1264
-171  1042  -1286
-166  1052  -1317
-180  1058  -1343
-193  1073  -1366
-205  1083  -1385
-222  1093  -1410
-247  1113  -1431
-259  1123  -1444
-274  1126  -1448
-274  1126  -1460
-293  1145  -1460
-315  1155  -1453
-331  1162  -1453
-346  1173  -1451
-365  1184  -1430
-374  1201  -1446
-392  1213  -1422
-401  1225  -1416
-408  1232  -1419
-423  1239  -1413
-430  1255  -1399
-439  1259  -1375
-455  1266  -1370
-455  1266  -1369
-462  1279  -1369
-471  1281  -1353
-474  1296  -1353
-480  1300  -1351
-491  1305  -1332
-504  1308  -1321
-504  1318  -1307
-506  1330  -1301
-520  1327  -1291
-528  1327  -1283
-531  1330  -1264
-534  1339  -1260
-527  1338  -1256
-527  1342  -1248
-544  1342  -1248
-539  1349  -1229
-541  1364  -1233
-549  1362  -1226
-557  1367  -1216
-557  1379  -1210
-557  1373  -1207
-556  1379  -1213
-547  1390  -1202
-557  1405  -1197
-562  1407  -1196
-574  1413  -1191
-571  1428  -1182
-571  1436  -1167
-565  1436  -1167
-571  1437  -1168
-571  1455  -1158
-566  1467  -1151
-566  1481  -1147
-569  1489  -1126
-568  1501  -1116
-571  1507  -1110
-573  1519  -1092
-572  1531  -1081
-567  1541  -1081
-567  1547  -1054
-569  1563  -1040
-569  1566  -1025
-566  1566  -1025
-579  1584  -1009
-583  1587  -997
-576  1595  -994
-576  1603  -977
-578  1622  -959
-571  1619  -950
-572  1627  -934
-578  1639  -917
-579  1641  -916
-575  1650  -894
-574  1649  -883
-573  1655  -887
-573  1655  -895
-577  1662  -895
-564  1663  -885
-563  1663  -885
-570  1672  -876
-559  1674  -872
-559  1679  -875
-553  1679  -875
-561  1668  -871
-561  1681  -868
-557  1682  -861
-551  1682  -863
-557  1682  -868
-556  1686  -862
-543  1687  -875
-547  1686  -875
-540  1673  -876
-543  1675  -883
-547  1685  -891
-543  1677  -899
-543  1678  -890
-552  1678  -890
-557  1675  -894
-550  1677  -902
-553  1672  -900
-549  1677  -901
-556  1672  -890
-551  1671  -896
-552  1668  -897
-552  1668  -899
-552  1662  -899
-557  1666  -900
-555  1666  -896
-549  1666  -901
-563  1668  -898
-563  1668  -906
-557  1668  -906
-553  1662  -908
-552  1666  -915
-547  1664  -924
-549  1663  -943
-539  1663  -952
-540  1663  -971
-533  1658  -991
-533  1658  -1010
-516  1661  -1010
-512  1663  -1030
-498  1654  -1066
-495  1660  -1087
-480  1650  -1115
-480  1645  -1127
-462  1645  -1127
-450  1644  -1163
-443  1638  -1174
-424  1633  -1186
-417  1623  -1198
-418  1621  -1208
-403  1615  -1221
-391  1617  -1231
-385  1615  -1241
-376  1608  -1269
-374  1610  -1258
-355  1606  -1268
-339  1601  -1277
-339  1594  -1289
-331  1594  -1289
-314  1585  -1287
-301  1580  -1293
-291  1570  -1310
-275  1574  -1313
-271  1564  -1331
-256  1557  -1318
-250  1541  -1319
-250  1541  -1327
-246  1537  -1327
-229  1530  -1327
-225  1525  -1324
-219  1513  -1327
-197  1510  -1324
-197  1512  -1306
-202  1512  -1306
-181  1506  -1309
-168  1504  -1296
-175  1494  -1284
-150  1485  -1287
-147  1486  -1277
-141  1479  -1268
-136  1477  -1258
-135  1465  -1234
-120  1462  -1226
-106  1455  -1224
-107  1450  -1199
-92  1448  -1184
-92  1448  -1175
-93  1444  -1175
-89  1434  -1168
-75  1431  -1145
-71  1414  -1140
-65  1411  -1125
-63  1399  -1113
-63  1390  -1112
-56  1393  -1105
-61  1386  -1096
-54  1391  -1079
-46  1387  -1071
-48  1385  -1067
-50  1389  -1060
-50  1389  -1043
-44  1399  -1043
-38  1399  -1033
-41  1395  -1021
-39  1398  -1024
-45  1398  -999
-45  1404  -996
-34  1422  -973
-42  1420  -957
-43  1423  -951
-43  1441  -918
-41  1445  -914
-41  1451  -891
-51  1454  -881
-51  1454  -861
-55  1465  -861
-61  1480  -855
-53  1491  -819
-62  1511  -821
-61  1525  -804
-61  1529  -773
-67  1529  -773
-80  1540  -751
-78  1554  -731
-91  1569  -709
-98  1584  -683
-100  1596  -660
-114  1612  -636
-121  1637  -609
-142  1643  -591
-148  1656  -565
-158  1669  -549
-169  1685  -518
-174  1691  -494
-174  1691  -474
-186  1708  -474
-201  1707  -454
-211  1722  -441
-227  1729  -423
-240  1738  -398
-255  1747  -366
-267  1755  -353
-282  1766  -339
-303  1769  -324
-321  1775  -313
-332  1775  -302
-354  1785  -285
-367  1785  -287
-367  1785  -280
-373  1788  -280
-379  1791  -280
-390  1794  -278
-402  1791  -283
-409  1794  -281
-423  1794  -298
-436  1793  -297
-435  1795  -305
-447  1800  -313
-455  1795  -320
-459  1793  -343
-457  1786  -356
-454  1785  -377
-454  1783  -392
-470  1783  -392
-476  1779  -417
-465  1784  -440
-466  1785  -461
-469  1778  -482
-473  1784  -499
-470  1781  -514
-478  1772  -536
-485  1774  -571
-483  1769  -596
-486  1765  -615
-491  1760  -632
-488  1755  -655
-488  1747  -682
-490  1747  -682
-489  1745  -715
-491  1744  -744
-500  1731  -773
-506  1730  -792
-505  1720  -806
-506  1700  -836
-497  1693  -879
-497  1693  -901
-502  1674  -901
-508  1667  -939
-508  1652  -967
-507  1644  -984
-505  1624  -1008
-505  1613  -1030
-504  1613  -1030
-513  1607  -1052
-505  1602  -1069
-502  1585  -1106
-496  1583  -1122
-491  1572  -1128
-491  1551  -1157
-489  1541  -1182
-489  1285  -1216
-486  1530  -1216
-486  1517  -1244
-471  1499  -1260
-469  1479  -1275
-458  1459  -1304
-467  1452  -1319
-454  1432  -1337
-449  1417  -1366
-447  1397  -1366
-441  1381  -1383
-442  1365  -1394
-434  1335  -1412
-432  1329  -1411
-432  1329  -1412
-436  1302  -1412
-433  1296  -1403
-438  1287  -1409
-432  1265  -1416
-439  1258  -1398
-432  1248  -1406
-442  1234  -1380
-438  1221  -1378
-445  1205  -1377
-451  1194  -1364
-449  1187  -1356
-454  1177  -1325
-458  1161  -1317
-458  1145  -1291
-462  1145  -1291
-479  1129  -1255
-477  1111  -1224
-479  1105  -1183
-487  1091  -1166
-493  1075  -1136
-489  1059  -1091
-487  1047  -1074
-481  1030  -1055
-488  1021  -1022
-479  1011  -1004
-474  1004  -1006
-468  1004  -978
-468  1004  -962
-479  994  -962
-478  995  -931
-486  994  -925
-492  1001  -901
-497  1001  -885
-502  1005  -865
-518  1002  -856
-514  1000  -826
-517  1008  -807
-532  1009  -789
-522  1000  -777
-530  1000  -748
-528  989  -728
-528  989  -701
-533  983  -701
-528  986  -682
-525  981  -654
-523  979  -633
-515  978  -589
-259  981  -558
-506  981  -558
-505  970  -535
-499  973  -496
-496  974  -475
-484  975  -439
-477  973  -410
-468  977  -389
-458  983  -364
-458  983  -342
-461  973  -342
-450  973  -325
-440  979  -298
-435  974  -288
-431  980  -274
-431  974  -258
-421  974  -258
-415  979  -229
-412  989  -232
-416  980  -216
-403  992  -209
-389  984  -202
-391  992  -191
-385  989  -199
-385  989  -183
-373  994  -183
-368  992  -171
-375  991  -161
-365  993  -160
-360  999  -148
-360  999  -145
-368  999  -145
-361  996  -141
-349  998  -131
-343  1002  -116
-342  998  -110
-335  1001  -113
-331  1007  -110
-324  1003  -105
-323  1008  -93
-318  1015  -99
-311  1024  -93
-309  1012  -88
-309  1016  -87
-309  1272  -91
-303  1029  -91
-292  1036  -86
-293  1031  -85
-289  1031  -88
-286  1038  -101
-286  1034  -89
-290  1034  -89
-275  1047  -84
-278  1039  -85
-277  1043  -89
-268  1042  -87
-256  1052  -80
-251  1051  -80
-256  1062  -79
-249  1071  -76
-251  1071  -77
-247  1070  -75
-244  1079  -76
-245  1079  -82
-245  1069  -94
-239  1069  -94
-231  1068  -101
-230  1063  -110
-232  1063  -131
-229  1052  -170
-221  1049  -177
-222  1040  -197
-216  1029  -228
-206  1018  -255
-202  1024  -284
-202  1006  -316
-198  997  -335
-198  996  -363
-198  996  -371
-199  981  -371
-196  974  -394
-194  963  -414
-208  963  -424
-210  964  -441
-216  965  -456
-214  955  -478
-217  951  -487
-218  936  -513
-233  934  -535
-237  930  -557
-242  921  -579
-242  924  -617
-242  924  -646
-250  915  -646
-253  918  -685
-261  908  -717
-270  915  -743
-272  918  -776
-272  909  -800
-281  909  -800
-292  912  -842
-291  921  -862
-304  914  -884
-310  923  -897
-323  924  -927
-332  925  -936
-336  930  -951
-348  930  -953
-359  932  -960
-358  937  -978
-371  937  -973
-379  937  -980
-379  937  -994
-383  944  -994
-386  951  -994
-389  955  -1010
-385  959  -1007
-392  961  -1018
-392  968  -1019
-391  968  -1019
-405  966  -1023
-409  976  -1048
-417  975  -1047
-418  978  -1067
-429  984  -1073
-430  995  -1088
-437  998  -1102
-445  1012  -1113
-455  1020  -1121
-456  1032  -1131
-469  1043  -1142
-465  1054  -1147
-465  1056  -1150
-476  1056  -1150
-483  1063  -1145
-489  1068  -1152
-489  1078  -1161
-496  1084  -1163
-503  1093  -1155
-504  1095  -1165
-511  1102  -1174
-506  1101  -1173
-515  1109  -1176
-502  1117  -1187
-512  1118  -1186
-511  1126  -1197
-511  1126  -1210
-507  1130  -1210
-508  1132  -1224
-505  1138  -1228
-500  1140  -1245
-502  1150  -1245
-502  1147  -1260
-495  1147  -1260
-488  1153  -1265
-488  1155  -1280
-484  1152  -1282
-481  1148  -1280
-475  1146  -1287
-465  1151  -1302
-462  1146  -1319
-462  1146  -1327
-460  1149  -1327
-452  1153  -1333
-442  1144  -1341
-440  1146  -1352
-431  1155  -1361
-431  1142  -1381
-425  1142  -1381
-425  1144  -1383
-413  1149  -1383
-416  1145  -1395
-406  1147  -1394
-401  1155  -1417
-397  1156  -1416
-403  1157  -1416
-394  1166  -1408
-393  1169  -1410
-396  1168  -1415
-398  1168  -1416
-393  1165  -1419
-393  1163  -1429
-390  1164  -1428
-383  1162  -1430
-378  1158  -1416
-375  1150  -1420
-367  1143  -1430
-367  1136  -1427
-361  1135  -1418
-365  1125  -1422
-357  1114  -1406
-347  1103  -1409
-342  1098  -1402
-342  1091  -1395
-342  1091  -1397
-335  1087  -1397
-326  1076  -1382
-319  1068  -1385
-316  1060  -1371
-319  1060  -1362
-311  1054  -1366
-314  1049  -1353
-308  1050  -1344
-306  1043  -1338
-305  1032  -1327
-304  1026  -1307
-303  1011  -1299
-307  1000  -1263
-307  1000  -1248
-298  1000  -1248
-296  977  -1218
-294  975  -1205
-286  977  -1173
-281  961  -1156
-281  955  -1135
-285  955  -1135
-279  954  -1112
-273  944  -1092
-276  937  -1064
-272  939  -1036
-278  930  -1030
-279  923  -1021
-271  921  -1010
-276  924  -997
-272  925  -976
-276  920  -981
-273  923  -969
-280  922  -949
-280  922  -950
-277  924  -950
-274  916  -938
-281  914  -920
-283  915  -910
-291  906  -905
-291  905  -900
-297  908  -884
-294  909  -881
-294  907  -870
-296  909  -855
-299  908  -851
-304  901  -838
-306  909  -832
-308  906  -826
-309  903  -814
-316  903  -798
-318  899  -792
-323  895  -766
-323  911  -754
-320  911  -754
-322  905  -742
-321  904  -721
-320  896  -711
-328  900  -687
-322  912  -665
-328  914  -643
-332  907  -625
-337  908  -602
-337  913  -578
-350  916  -554
-352  911  -531
-345  909  -516
-345  919  -482
-349  919  -482
-356  926  -453
-364  920  -411
-365  937  -369
-363  943  -338
-372  957  -300
-371  959  -243
-382  979  -207
-390  989  -165
-398  1002  -122
-409  1006  -88
-410  1018  -56
-423  1033  -38
-423  1033  -22
-428  1048  -22
-436  1055  -6
-446  1060  9
-443  1065  23
-442  1066  37
-442  1068  34
-451  1068  34
-451  1071  43
-463  1079  62
-461  1084  62
-469  1089  62
-471  1088  77
-476  1099  94
-486  1105  102
-490  1113  95
-495  1128  97
-516  1127  89
-525  1139  92
-529  1151  94
-529  1151  100
-551  1151  100
-564  1165  96
-568  1165  76
-574  1170  73
-586  1162  57
-593  1167  46
-602  1170  27
-598  1170  13
-606  1176  -12
-610  1181  -25
-627  1174  -50
-631  1186  -55
-650  1191  -93
-650  1191  -122
-660  1200  -122
-663  1205  -145
-668  1211  -178
-673  1214  -203
-682  1216  -235
-682  1228  -256
-687  1228  -256
-699  1228  -274
-685  1238  -300
-700  1245  -316
-699  1238  -333
-706  1251  -361
-713  1260  -397
-709  1256  -417
-709  1256  -445
-716  1253  -445
-713  1263  -476
-714  1268  -504
-724  1277  -537
-718  1289  -558
-718  1290  -588
-709  1290  -588
-710  1298  -621
-713  1295  -650
-708  1291  -680
-696  1303  -707
-696  1298  -729
-700  1294  -750
-696  1302  -796
-690  1293  -815
-685  1299  -859
-684  1297  -878
-679  1301  -916
-675  1301  -936
-675  1301  -969
-668  1289  -969
-663  1294  -992
-653  1288  -1025
-650  1284  -1051
-643  1287  -1067
-634  1280  -1085
-622  1279  -1116
-623  1280  -1130
-615  1279  -1153
-599  1275  -1164
-604  1279  -1170
-600  1276  -1190
-594  1280  -1197
-594  1280  -1202
-595  1281  -1202
-583  1287  -1210
-579  1283  -1233
-575  1274  -1231
-565  1262  -1250
-558  1261  -1263
-552  1251  -1285
-530  1228  -1302
-519  1217  -1324
-500  1195  -1337
-481  1189  -1342
-470  1172  -1361
-452  1151  -1357
-452  1151  -1371
-440  1135  -1371
-422  1130  -1374
-401  1110  -1377
-389  1105  -1377
-376  1097  -1381
-373  1096  -1390
-360  1093  -1391
-347  1085  -1397
-336  1081  -1406
-337  1084  -1393
-319  1083  -1403
-315  1085  -1404
-307  1092  -1416
-307  1092  -1410
-295  1079  -1410
-291  1091  -1415
-276  1089  -1418
-270  1086  -1421
-267  1080  -1409
-11  1086  -1404
-248  1086  -1404
-245  1078  -1416
-230  1076  -1408
-217  1082  -1397
-207  1085  -1397
-203  1077  -1387
-193  1075  -1387
-187  1074  -1371
-187  1074  -1367
-185  1069  -1367
-169  1073  -1371
-169  1079  -1353
-161  1074  -1343
-158  1066  -1329
-158  1067  -1315
-147  1067  -1315
-144  1060  -1291
-138  1055  -1285
-141  1042  -1255
-139  1034  -1238
-130  1023  -1217
-130  1018  -1191
-124  1020  -1177
-124  1020  -1146
-130  1012  -1146
-132  1001  -1122
-136  999  -1100
-132  984  -1090
-128  984  -1056
-128  986  -1038
-139  986  -1038
-143  969  -1005
-148  972  -994
-142  973  -964
-154  964  -952
-160  957  -935
-169  960  -915
-176  948  -893
-176  948  -857
-176  941  -857
-184  939  -832
-192  938  -814
-203  925  -782
-215  930  -759
-215  928  -743
-225  928  -743
-242  927  -722
-249  928  -693
-264  920  -664
-278  915  -631
-292  915  -599
-304  911  -562
-317  920  -523
-317  920  -267
-329  929  -495
-349  928  -453
-356  933  -413
-379  934  -378
-385  946  -339
-385  961  -314
-398  961  -314
-424  959  -276
-438  971  -240
-454  989  -211
-469  1002  -184
-477  1009  -153
-484  1026  -127
-499  1044  -108
-512  1051  -84
-521  1056  -59
-524  1071  -25
-529  1077  -14
-531  1097  12
-531  1098  22
-541  1098  22
-540  1109  48
-541  1113  64
-546  1122  67
-545  1124  93
-545  1142  111
-556  1150  118
-543  1152  140
-548  1166  149
-546  1177  146
-549  1178  174
-549  1193  187
-545  1193  192
-545  1206  223
-553  1206  223
-558  1216  225
-555  1213  225
-549  1225  241
-549  1227  253
-540  1232  265
-544  1239  269
-541  1241  284
-536  1242  289
-532  1248  301
-531  1252  304
-523  1253  312
-520  1265  316
-520  1265  318
-510  1275  320
-506  1280  324
-505  1281  331
-508  1283  329
-499  1283  331
-495  1291  336
-492  1297  339
-496  1294  334
-496  1292  341
-484  1293  339
-484  1294  340
-486  1288  354
-486  1288  341
-487  1297  341
-490  1288  346
-486  1286  338
-499  1280  325
-507  1276  323
-508  1270  316
-514  1262  309
-511  1249  298
-526  1245  287
-540  1241  271
-547  1241  251
-555  1239  242
-570  1233  212
-570  1233  208
-571  1233  208
-585  1238  193
-604  1235  164
-611  1235  144
-620  1241  118
-632  1246  86
-647  1247  55
-656  1247  18
-672  1249  -47
-673  1243  -83
-678  1250  -132
-683  1245  -193
-698  1243  -234
-698  1243  -290
-697  1242  -290
-691  1239  -341
-699  1238  -386
-702  1247  -433
-698  1247  -471
-698  1254  -499
-705  1254  -499
-697  1245  -521
-696  1259  -572
-698  1253  -609
-693  1255  -652
-695  1251  -683
-683  1250  -717
-679  1240  -754
-679  1240  -785
-678  1239  -785
-677  1230  -818
-668  1221  -848
-654  1214  -891
-648  1215  -920
-648  1204  -944
-644  1204  -944
-628  1187  -989
-619  1176  -1014
-601  1166  -1046
-593  1156  -1073
-574  1150  -1106
-565  1140  -1126
-548  1141  -1144
-536  1127  -1164
-532  1125  -1182
-519  1119  -1197
-508  1113  -1211
-506  1101  -1228
-506  1107  -1245
-487  1107  -1245
-480  1109  -1240
-474  1105  -1244
-462  1085  -1249
-455  1096  -1268
-453  1088  -1269
-438  1093  -1273
-431  1086  -1294
-416  1086  -1294
-415  1075  -1305
-409  1066  -1315
-397  1069  -1321
-388  1065  -1322
-388  1065  -1313
-382  1054  -1313
-379  1052  -1310
-368  1051  -1311
-356  1040  -1316
-358  1033  -1316
-358  1040  -1318
-347  1040  -1318
-341  1036  -1326
-337  1034  -1314
-333  1030  -1313
-327  1035  -1313
-320  1023  -1313
-317  1019  -1308
-309  1015  -1305
-309  1015  -1299
-300  1023  -1299
-289  1016  -1289
-288  1006  -1279
-279  1000  -1276
-262  998  -1275
-262  994  -1264
-256  991  -1267
-250  983  -1268
-242  979  -1246
-234  984  -1250
-231  984  -1242
-223  983  -1224
-206  982  -1218
-206  982  -1213
-209  981  -1213
-202  973  -1193
-195  974  -1180
-190  974  -1173
-178  971  -1165
-178  977  -1146
-176  977  -1146
-170  972  -1123
-170  977  -1123
-166  967  -1113
-161  974  -1095
-157  970  -1066
-163  968  -1060
-159  969  -1036
-159  969  -1018
-163  966  -1018
-154  960  -996
-148  954  -975
-142  955  -952
-150  959  -939
-150  957  -930
-151  957  -930
-143  960  -906
-141  956  -892
-145  958  -883
-141  961  -875
-147  962  -875
-135  960  -867
-138  954  -865
-147  956  -857
-148  957  -837
-143  951  -834
-145  957  -809
-147  949  -811
-147  949  -802
-151  952  -802
-154  944  -788
-164  946  -787
-154  941  -774
-163  938  -773
-159  938  -766
-175  938  -754
-182  941  -744
-179  932  -737
-184  927  -715
-197  925  -702
-207  928  -681
-212  922  -662
-212  922  -643
-230  922  -643
-232  930  -629
-244  925  -613
-248  923  -591
-253  920  -570
-269  918  -548
-282  916  -530
-300  924  -516
-297  921  -494
-319  925  -479
-326  923  -462
-338  920  -453
-340  930  -429
-340  930  -421
-349  917  -421
-353  925  -401
-363  934  -408
-371  923  -404
-373  930  -393
-379  931  -400
-380  925  -404
-384  931  -411
-388  933  -409
-399  931  -414
-410  935  -437
-418  939  -436
-430  945  -454
-430  946  -465
-435  946  -465
-442  943  -477
-445  949  -489
-462  948  -515
-464  958  -516
-470  947  -537
-481  946  -567
-491  953  -574
-495  957  -581
-499  965  -592
-507  969  -615
-514  980  -624
-517  987  -645
-517  994  -664
-529  994  -664
-528  990  -672
-537  998  -684
-541  1008  -709
-553  1012  -725
-559  1017  -742
-555  1025  -761
-564  1034  -768
-564  1034  -1024
-559  1043  -796
-562  1054  -817
-568  1065  -850
-569  1078  -879
-577  1080  -911
-577  1091  -943
-573  1091  -943
-569  1107  -988
-570  1114  -1023
-561  1129  -1078
-552  1128  -1113
-548  1144  -1147
-541  1146  -1187
-534  1150  -1208
-519  1160  -1232
-515  1166  -1253
-511  1174  -1274
-498  1184  -1284
-487  1174  -1303
-487  1174  -1325
-475  1174  -1325
-477  1167  -1337
-453  1167  -1349
-448  1169  -1351
-445  1168  -1373
-428  1156  -1369
-423  1156  -1383
-414  1146  -1395
-407  1151  -1398
-395  1142  -1403
-390  1142  -1411
-381  1140  -1410
-370  1125  -1414
-370  1125  -1412
-372  1126  -1412
-366  1123  -1413
-354  1122  -1426
-350  1118  -1427
-350  1116  -1431
-350  1105  -1431
-343  1105  -1431
-346  1108  -1429
-338  1107  -1429
-329  1108  -1430
-329  1100  -1432
-312  1105  -1433
-318  1101  -1422
-306  1106  -1435
-306  1106  -1444
-303  1107  -1444
-306  1102  -1440
-283  1101  -1429
-283  1093  -1431
-281  1080  -1419
-281  1080  -1422
-277  1080  -1422
-271  1070  -1410
-271  1069  -1400
-265  1059  -1386
-254  1053  -1377
-258  1039  -1355
-246  1027  -1342
-241  1009  -1330
-241  1009  -1314
-240  1008  -1314
-226  1003  -1293
-228  996  -1288
-228  1002  -1279
-224  990  -1263
-224  994  -1255
-220  994  -1255
-225  980  -1241
-226  978  -1232
-227  975  -1210
-220  966  -1191
-224  961  -1178
-217  961  -1158
-217  956  -1142
-216  940  -1123
-222  939  -1096
-215  933  -1059
-213  932  -1022
-207  922  -1007
-207  913  -968
-216  913  -968
-216  917  -951
-218  914  -926
-216  912  -894
-218  905  -863
-221  907  -823
-223  911  -807
-224  912  -785
-224  916  -762
-228  920  -728
-232  914  -712
-228  913  -698
-233  916  -671
-233  916  -672
-239  919  -672
-237  919  -656
-237  921  -651
-250  920  -641
-237  917  -629
-237  911  -622
-240  911  -622
-244  913  -604
-252  914  -583
-255  916  -582
-269  916  -575
-257  918  -567
-261  915  -560
-277  914  -562
-277  914  -552
-282  910  -552
-287  914  -531
-302  910  -519
-300  916  -512
-302  915  -512
-302  917  -494
-311  917  -494
-305  921  -490
-313  916  -486
-327  911  -477
-329  918  -475
-344  917  -472
-348  914  -460
-354  921  -453
-360  927  -453
-372  926  -453
-374  920  -444
-383  923  -444
-398  935  -446
-398  933  -437
-405  933  -437
-412  932  -440
